burma14_p3_f50_lH   	  617	 2817	    3	   13	   22	   7328.0	   7308.0	CTSP_1         	H CTSP1        	    0.3370	  7340.000	  2593.000	    1	
burma14_p3_f50_lL   	  308	 2817	    3	   13	   22	   7328.0	   7328.0	CTSP_1         	H CTSP1        	    0.3450	  7340.000	  2593.000	    1	
burma14_p3_f50_lM   	  463	 2817	    3	   13	   22	   7328.0	   7308.0	CTSP_1         	H CTSP1        	    0.3360	  7340.000	  2593.000	    1	
burma14_p3_f70_lH   	  621	 3418	    3	   13	   31	   8572.0	   8508.0	CTSP_1         	H CTSP1        	    0.3370	  8661.000	  3140.000	    1	
burma14_p3_f70_lL   	  310	 3418	    3	   13	   31	   8652.0	   8572.0	CTSP_1         	H CTSP1        	    0.3680	  8661.000	  3140.000	    1	
burma14_p3_f70_lM   	  466	 3418	    3	   13	   31	   8572.0	   8508.0	CTSP_1         	H CTSP1        	    0.3630	  8661.000	  3140.000	    1	
burma14_p3_f90_lH   	  653	 3554	    3	   13	   35	   9513.0	   9513.0	CTSP_1         	H CTSP1        	    0.3650	  9554.000	  3231.000	    1	
burma14_p3_f90_lL   	  326	 3554	    3	   13	   35	   9513.0	   9513.0	CTSP_1         	H CTSP1        	    0.3370	  9554.000	  3231.000	    1	
burma14_p3_f90_lM   	  490	 3554	    3	   13	   35	   9513.0	   9513.0	CTSP_1         	H CTSP1        	    0.3370	  9554.000	  3231.000	    1	
burma14_p5_f50_lH   	  617	 3395	    5	   13	   36	  12687.0	  12667.0	CTSP_1         	H CTSP1        	    0.3700	 12699.000	  3087.000	    1	
burma14_p5_f50_lL   	  308	 3395	    5	   13	   36	  12687.0	  12687.0	CTSP_1         	H CTSP1        	    0.3550	 12699.000	  3087.000	    1	
burma14_p5_f50_lM   	  463	 3395	    5	   13	   36	  12687.0	  12667.0	CTSP_1         	H CTSP1        	    0.3700	 12699.000	  3087.000	    1	
burma14_p5_f70_lH   	  621	 3418	    5	   13	   50	  14313.0	  14241.0	CTSP_1         	H CTSP1        	    0.3430	 14402.000	  3140.000	    1	
burma14_p5_f70_lL   	  310	 3418	    5	   13	   50	  14393.0	  14313.0	CTSP_1         	H CTSP1        	    0.3670	 14402.000	  3140.000	    1	
burma14_p5_f70_lM   	  466	 3418	    5	   13	   50	  14313.0	  14249.0	CTSP_1         	H CTSP1        	    0.3620	 14402.000	  3140.000	    1	
burma14_p5_f90_lH   	  653	 3593	    5	   13	   58	  16048.0	  16048.0	CTSP_1         	H CTSP1        	    0.3470	 16048.000	  3277.000	    1	
burma14_p5_f90_lL   	  326	 3593	    5	   13	   58	  16048.0	  16048.0	CTSP_1         	H CTSP1        	    0.3610	 16048.000	  3277.000	    1	
burma14_p5_f90_lM   	  490	 3593	    5	   13	   58	  16048.0	  16048.0	CTSP_1         	H CTSP1        	    0.3490	 16048.000	  3277.000	    1	
ulysses16_p3_f50_lH 	 1251	 6880	    3	   15	   26	  17303.0	  17303.0	CTSP_1         	H CTSP1        	    0.4900	 17373.000	  6255.000	    1	
ulysses16_p3_f50_lL 	  625	 6880	    3	   15	   26	  17303.0	  17303.0	CTSP_1         	H CTSP1        	    0.5090	       INF	       INF	    0	
ulysses16_p3_f50_lM 	  938	 6880	    3	   15	   26	  17303.0	  17303.0	CTSP_1         	H CTSP1        	    0.5080	 18236.000	  6523.000	    1	
ulysses16_p3_f70_lH 	 1330	 7241	    3	   15	   35	  19668.0	  19668.0	CTSP_1         	H CTSP1        	    0.5070	 19853.000	  6690.000	    1	
ulysses16_p3_f70_lL 	  665	 7241	    3	   15	   35	  19668.0	  19668.0	CTSP_1         	H CTSP1        	    0.4820	 19853.000	  6690.000	    1	
ulysses16_p3_f70_lM 	  997	 7241	    3	   15	   35	  19668.0	  19668.0	CTSP_1         	H CTSP1        	    0.4930	 19853.000	  6690.000	    1	
ulysses16_p3_f90_lH 	 1348	 7417	    3	   15	   39	  20212.0	  20212.0	CTSP_1         	H CTSP1        	    0.4830	 20257.000	  6824.000	    1	
ulysses16_p3_f90_lL 	  674	 7417	    3	   15	   39	  20212.0	  20212.0	CTSP_1         	H CTSP1        	    0.5090	 20257.000	  6824.000	    1	
ulysses16_p3_f90_lM 	 1011	 7417	    3	   15	   39	  20212.0	  20212.0	CTSP_1         	H CTSP1        	    0.4860	 20257.000	  6824.000	    1	
ulysses16_p5_f50_lH 	 1251	 6880	    5	   15	   40	  28783.0	  28783.0	CTSP_1         	H CTSP1        	    0.4910	 29169.000	  6255.000	    1	
ulysses16_p5_f50_lL 	  625	 6880	    5	   15	   40	  28816.0	  28783.0	CTSP_1         	H CTSP1        	    0.5370	       INF	       INF	    0	
ulysses16_p5_f50_lM 	  938	 6880	    5	   15	   40	  28816.0	  28783.0	CTSP_1         	H CTSP1        	    0.5380	       INF	       INF	    0	
ulysses16_p5_f70_lH 	 1330	 7316	    5	   15	   59	  32502.0	  32502.0	CTSP_1         	H CTSP1        	    0.5150	 32735.000	  6690.000	    1	
ulysses16_p5_f70_lL 	  665	 7316	    5	   15	   59	  32502.0	  32502.0	CTSP_1         	H CTSP1        	    0.5060	 32735.000	  6690.000	    1	
ulysses16_p5_f70_lM 	  997	 7316	    5	   15	   59	  32502.0	  32502.0	CTSP_1         	H CTSP1        	    0.4960	 32735.000	  6690.000	    1	
ulysses16_p5_f90_lH 	 1348	 7417	    5	   15	   66	  33408.0	  33408.0	CTSP_1         	H CTSP1        	    0.5150	 33557.000	  6820.000	    1	
ulysses16_p5_f90_lL 	  674	 7417	    5	   15	   66	  33408.0	  33408.0	CTSP_1         	H CTSP1        	    0.4990	 33557.000	  6820.000	    1	
ulysses16_p5_f90_lM 	 1011	 7417	    5	   15	   66	  33408.0	  33408.0	CTSP_1         	H CTSP1        	    0.4990	 33557.000	  6820.000	    1	
br17_p3_f50_lH      	    7	   42	    3	   16	   26	    117.0	    117.0	CTSP_1         	H CTSP1        	    0.4860	   117.000	    39.000	    1	
br17_p3_f50_lL      	    3	   42	    3	   16	   26	    117.0	    117.0	CTSP_1         	H CTSP1        	    0.4750	   117.000	    39.000	    1	
br17_p3_f50_lM      	    5	   42	    3	   16	   26	    117.0	    117.0	CTSP_1         	H CTSP1        	    0.4810	   117.000	    39.000	    1	
br17_p3_f70_lH      	    7	   42	    3	   16	   37	    117.0	    117.0	CTSP_1         	H CTSP1        	    0.4780	   117.000	    39.000	    1	
br17_p3_f70_lL      	    3	   42	    3	   16	   37	    117.0	    117.0	CTSP_1         	H CTSP1        	    0.4860	   117.000	    39.000	    1	
br17_p3_f70_lM      	    5	   42	    3	   16	   37	    117.0	    117.0	CTSP_1         	H CTSP1        	    0.5200	   117.000	    39.000	    1	
br17_p3_f90_lH      	    7	   42	    3	   16	   42	    117.0	    117.0	CTSP_1         	H CTSP1        	    0.4910	   117.000	    39.000	    1	
br17_p3_f90_lL      	    3	   42	    3	   16	   42	    117.0	    117.0	CTSP_1         	H CTSP1        	    0.4880	   117.000	    39.000	    1	
br17_p3_f90_lM      	    5	   42	    3	   16	   42	    117.0	    117.0	CTSP_1         	H CTSP1        	    0.5010	   117.000	    39.000	    1	
br17_p5_f50_lH      	    7	   42	    5	   16	   44	    195.0	    195.0	CTSP_1         	H CTSP1        	    0.5140	   195.000	    39.000	    1	
br17_p5_f50_lL      	    3	   42	    5	   16	   44	    195.0	    195.0	CTSP_1         	H CTSP1        	    0.4930	   195.000	    39.000	    1	
br17_p5_f50_lM      	    5	   42	    5	   16	   44	    195.0	    195.0	CTSP_1         	H CTSP1        	    0.4780	   195.000	    39.000	    1	
br17_p5_f70_lH      	    7	   42	    5	   16	   61	    190.0	    190.0	CTSP_1         	H CTSP1        	    0.4990	   190.000	    39.000	    1	
br17_p5_f70_lL      	    3	   42	    5	   16	   61	    190.0	    190.0	CTSP_1         	H CTSP1        	    0.5220	   190.000	    39.000	    1	
br17_p5_f70_lM      	    5	   42	    5	   16	   61	    190.0	    190.0	CTSP_1         	H CTSP1        	    0.4960	   190.000	    39.000	    1	
br17_p5_f90_lH      	    7	   42	    5	   16	   71	    195.0	    195.0	CTSP_1         	H CTSP1        	    0.5150	   195.000	    39.000	    1	
br17_p5_f90_lL      	    3	   42	    5	   16	   71	    195.0	    195.0	CTSP_1         	H CTSP1        	    0.4850	   195.000	    39.000	    1	
br17_p5_f90_lM      	    5	   42	    5	   16	   71	    195.0	    195.0	CTSP_1         	H CTSP1        	    0.4820	   195.000	    39.000	    1	
gr17_p3_f50_lH      	  359	 1970	    3	   16	   27	   5186.0	   5186.0	CTSP_1         	H CTSP1        	    0.5880	  5285.000	  1795.000	    1	
gr17_p3_f50_lL      	  179	 1970	    3	   16	   27	   5186.0	   5186.0	CTSP_1         	H CTSP1        	    0.5870	  5285.000	  1795.000	    1	
gr17_p3_f50_lM      	  269	 1970	    3	   16	   27	   5186.0	   5186.0	CTSP_1         	H CTSP1        	    0.5830	  5285.000	  1795.000	    1	
gr17_p3_f70_lH      	  387	 2068	    3	   16	   37	   5563.0	   5534.0	CTSP_1         	H CTSP1        	    0.6040	  5657.000	  1990.000	    1	
gr17_p3_f70_lL      	  193	 2068	    3	   16	   37	   5621.0	   5588.0	CTSP_1         	H CTSP1        	    0.6180	  5657.000	  1990.000	    1	
gr17_p3_f70_lM      	  290	 2068	    3	   16	   37	   5588.0	   5534.0	CTSP_1         	H CTSP1        	    0.6000	  5657.000	  1990.000	    1	
gr17_p3_f90_lH      	  416	 2242	    3	   16	   44	   6009.0	   6009.0	CTSP_1         	H CTSP1        	    0.6070	  6085.000	  2039.000	    1	
gr17_p3_f90_lL      	  208	 2242	    3	   16	   44	   6009.0	   6009.0	CTSP_1         	H CTSP1        	    0.5820	  6085.000	  2039.000	    1	
gr17_p3_f90_lM      	  312	 2242	    3	   16	   44	   6009.0	   6009.0	CTSP_1         	H CTSP1        	    0.6020	  6085.000	  2039.000	    1	
gr17_p5_f50_lH      	  359	 1977	    5	   16	   44	   8456.0	   8448.0	CTSP_1         	H CTSP1        	    0.5910	  8757.000	  1911.000	    1	
gr17_p5_f50_lL      	  179	 1977	    5	   16	   44	   8456.0	   8456.0	CTSP_1         	H CTSP1        	   -0.2610	       INF	       INF	    0	
gr17_p5_f50_lM      	  269	 1977	    5	   16	   44	   8456.0	   8452.0	CTSP_1         	H CTSP1        	    0.6000	  8757.000	  1911.000	    1	
gr17_p5_f70_lH      	  387	 2129	    5	   16	   61	   9236.0	   9232.0	CTSP_1         	H CTSP1        	    0.5810	  9375.000	  1990.000	    1	
gr17_p5_f70_lL      	  193	 2129	    5	   16	   61	   9343.0	   9238.0	CTSP_1         	H CTSP1        	    0.6060	  9375.000	  1990.000	    1	
gr17_p5_f70_lM      	  290	 2129	    5	   16	   61	   9238.0	   9234.0	CTSP_1         	H CTSP1        	    0.5890	  9375.000	  1990.000	    1	
gr17_p5_f90_lH      	  416	 2290	    5	   16	   75	  10027.0	  10027.0	CTSP_1         	H CTSP1        	    0.5980	 10179.000	  2088.000	    1	
gr17_p5_f90_lL      	  208	 2290	    5	   16	   75	  10027.0	  10027.0	CTSP_1         	H CTSP1        	    0.5830	 10179.000	  2088.000	    1	
gr17_p5_f90_lM      	  312	 2290	    5	   16	   75	  10027.0	  10027.0	CTSP_1         	H CTSP1        	    0.6150	 10179.000	  2088.000	    1	
gr21_p3_f50_lH      	  491	 2701	    3	   20	   35	   6859.0	   6859.0	CTSP_1         	H CTSP1        	    1.2510	  6859.000	  2456.000	    1	
gr21_p3_f50_lL      	  245	 2701	    3	   20	   35	   6988.0	   6859.0	CTSP_1         	H CTSP1        	    1.2610	  7297.000	  2521.000	    1	
gr21_p3_f50_lM      	  368	 2701	    3	   20	   35	   6861.0	   6859.0	CTSP_1         	H CTSP1        	    1.2510	  6861.000	  2456.000	    1	
gr21_p3_f70_lH      	  489	 2690	    3	   20	   41	   7192.0	   7192.0	CTSP_1         	H CTSP1        	    1.1920	  7289.000	  2486.000	    1	
gr21_p3_f70_lL      	  244	 2690	    3	   20	   41	   7192.0	   7192.0	CTSP_1         	H CTSP1        	    1.2020	  7289.000	  2486.000	    1	
gr21_p3_f70_lM      	  366	 2690	    3	   20	   41	   7192.0	   7192.0	CTSP_1         	H CTSP1        	    1.1770	  7289.000	  2486.000	    1	
gr21_p3_f90_lH      	  546	 3004	    3	   20	   56	   7993.0	   7993.0	CTSP_1         	H CTSP1        	    1.1830	  7993.000	  2731.000	    1	
gr21_p3_f90_lL      	  273	 3004	    3	   20	   56	   7993.0	   7993.0	CTSP_1         	H CTSP1        	    1.1940	  7993.000	  2731.000	    1	
gr21_p3_f90_lM      	  409	 3004	    3	   20	   56	   7993.0	   7993.0	CTSP_1         	H CTSP1        	    1.1830	  7993.000	  2731.000	    1	
gr21_p5_f50_lH      	  491	 2701	    5	   20	   59	  11587.0	  11587.0	CTSP_1         	H CTSP1        	    1.2080	 11722.000	  2472.000	    1	
gr21_p5_f50_lL      	  245	 2701	    5	   20	   59	  11745.0	  11587.0	CTSP_1         	H CTSP1        	    1.2180	 12046.000	  2521.000	    1	
gr21_p5_f50_lM      	  368	 2701	    5	   20	   59	  11589.0	  11587.0	CTSP_1         	H CTSP1        	    1.2520	 12046.000	  2521.000	    1	
gr21_p5_f70_lH      	  489	 2690	    5	   20	   71	  11791.0	  11791.0	CTSP_1         	H CTSP1        	    1.2180	 11866.000	  2486.000	    1	
gr21_p5_f70_lL      	  244	 2690	    5	   20	   71	  11832.0	  11791.0	CTSP_1         	H CTSP1        	    1.2370	       INF	       INF	    0	
gr21_p5_f70_lM      	  366	 2690	    5	   20	   71	  11791.0	  11791.0	CTSP_1         	H CTSP1        	    1.2080	 11866.000	  2486.000	    1	
gr21_p5_f90_lH      	  546	 3004	    5	   20	   93	  13238.0	  13238.0	CTSP_1         	H CTSP1        	    1.1960	 13314.000	  2731.000	    1	
gr21_p5_f90_lL      	  273	 3004	    5	   20	   93	  13245.0	  13238.0	CTSP_1         	H CTSP1        	    1.2610	 13314.000	  2731.000	    1	
gr21_p5_f90_lM      	  409	 3004	    5	   20	   93	  13238.0	  13238.0	CTSP_1         	H CTSP1        	    1.2180	 13314.000	  2731.000	    1	
ulysses22_p3_f50_lH 	 1239	 6792	    3	   21	   35	  18453.0	  18453.0	CTSP_1         	H CTSP1        	    1.5970	 18463.000	  6175.000	    1	
ulysses22_p3_f50_lL 	  619	 6792	    3	   21	   35	  18453.0	  18453.0	CTSP_1         	H CTSP1        	    1.5550	 18463.000	  6175.000	    1	
ulysses22_p3_f50_lM 	  929	 6792	    3	   21	   35	  18453.0	  18453.0	CTSP_1         	H CTSP1        	    1.5610	 18463.000	  6175.000	    1	
ulysses22_p3_f70_lH 	 1330	 7068	    3	   21	   44	  19213.0	  19213.0	CTSP_1         	H CTSP1        	    0.6280	 19312.000	  6525.000	    1	
ulysses22_p3_f70_lL 	  665	 7068	    3	   21	   44	  19213.0	  19213.0	CTSP_1         	H CTSP1        	    1.5430	 19312.000	  6525.000	    1	
ulysses22_p3_f70_lM 	  997	 7068	    3	   21	   44	  19213.0	  19213.0	CTSP_1         	H CTSP1        	    1.5450	 19312.000	  6525.000	    1	
ulysses22_p3_f90_lH 	 1393	 7662	    3	   21	   57	  20718.0	  20718.0	CTSP_1         	H CTSP1        	    1.5610	 20758.000	  6966.000	    1	
ulysses22_p3_f90_lL 	  696	 7662	    3	   21	   57	  20718.0	  20718.0	CTSP_1         	H CTSP1        	    1.5490	 20758.000	  6966.000	    1	
ulysses22_p3_f90_lM 	 1044	 7662	    3	   21	   57	  20718.0	  20718.0	CTSP_1         	H CTSP1        	    1.5520	 20758.000	  6966.000	    1	
ulysses22_p5_f50_lH 	 1239	 6818	    5	   21	   56	  30433.0	  30433.0	CTSP_1         	H CTSP1        	    1.5750	 30524.000	  6280.000	    1	
ulysses22_p5_f50_lL 	  619	 6818	    5	   21	   56	  30433.0	  30433.0	CTSP_1         	H CTSP1        	    1.5870	 30524.000	  6280.000	    1	
ulysses22_p5_f50_lM 	  929	 6818	    5	   21	   56	  30433.0	  30433.0	CTSP_1         	H CTSP1        	    1.5550	 30524.000	  6280.000	    1	
ulysses22_p5_f70_lH 	 1330	 7317	    5	   21	   75	  32405.0	  32405.0	CTSP_1         	H CTSP1        	    1.5560	 32504.000	  6652.000	    1	
ulysses22_p5_f70_lL 	  665	 7317	    5	   21	   75	  32405.0	  32405.0	CTSP_1         	H CTSP1        	    1.5870	 32504.000	  6652.000	    1	
ulysses22_p5_f70_lM 	  997	 7317	    5	   21	   75	  32405.0	  32405.0	CTSP_1         	H CTSP1        	    1.5550	 32504.000	  6652.000	    1	
ulysses22_p5_f90_lH 	 1393	 7662	    5	   21	   96	  33904.0	  33904.0	CTSP_1         	H CTSP1        	    1.5700	 34014.000	  6966.000	    1	
ulysses22_p5_f90_lL 	  696	 7662	    5	   21	   96	  33930.0	  33904.0	CTSP_1         	H CTSP1        	    1.5660	 34014.000	  6966.000	    1	
ulysses22_p5_f90_lM 	 1044	 7662	    5	   21	   96	  33904.0	  33904.0	CTSP_1         	H CTSP1        	    1.5650	 34014.000	  6966.000	    1	
gr24_p3_f50_lH      	  215	 1182	    3	   23	   38	   3086.0	   3066.0	CTSP_1         	H CTSP1        	    1.8400	  3160.000	  1098.000	    1	
gr24_p3_f50_lL      	  107	 1182	    3	   23	   38	   3097.0	   3086.0	CTSP_1         	H CTSP1        	    1.8590	  3185.000	  1098.000	    1	
gr24_p3_f50_lM      	  161	 1182	    3	   23	   38	   3086.0	   3066.0	CTSP_1         	H CTSP1        	    1.8300	  3160.000	  1098.000	    1	
gr24_p3_f70_lH      	  219	 1207	    3	   23	   52	   3211.0	   3207.0	CTSP_1         	H CTSP1        	    1.8190	  3392.000	  1162.000	    1	
gr24_p3_f70_lL      	  109	 1207	    3	   23	   52	   3284.0	   3216.0	CTSP_1         	H CTSP1        	    1.8420	  3392.000	  1162.000	    1	
gr24_p3_f70_lM      	  164	 1207	    3	   23	   52	   3216.0	   3211.0	CTSP_1         	H CTSP1        	    0.9390	  3392.000	  1162.000	    1	
gr24_p3_f90_lH      	  247	 1358	    3	   23	   61	   3572.0	   3568.0	CTSP_1         	H CTSP1        	    1.8230	  3642.000	  1300.000	    1	
gr24_p3_f90_lL      	  123	 1358	    3	   23	   61	   3602.0	   3585.0	CTSP_1         	H CTSP1        	    1.8450	  3642.000	  1300.000	    1	
gr24_p3_f90_lM      	  185	 1358	    3	   23	   61	   3589.0	   3572.0	CTSP_1         	H CTSP1        	    1.8250	  3642.000	  1300.000	    1	
gr24_p5_f50_lH      	  215	 1182	    5	   23	   64	   5026.0	   5006.0	CTSP_1         	H CTSP1        	    1.8270	  5351.000	  1112.000	    1	
gr24_p5_f50_lL      	  107	 1182	    5	   23	   64	   5064.0	   5026.0	CTSP_1         	H CTSP1        	    1.8740	       INF	       INF	    0	
gr24_p5_f50_lM      	  161	 1182	    5	   23	   64	   5026.0	   5006.0	CTSP_1         	H CTSP1        	    1.8480	  5351.000	  1112.000	    1	
gr24_p5_f70_lH      	  219	 1208	    5	   23	   85	   5409.0	   5400.0	CTSP_1         	H CTSP1        	    1.8320	  5770.000	  1259.000	    1	
gr24_p5_f70_lL      	  109	 1208	    5	   23	   85	   5508.0	   5477.0	CTSP_1         	H CTSP1        	    1.8740	       INF	       INF	    0	
gr24_p5_f70_lM      	  164	 1208	    5	   23	   85	   5477.0	   5409.0	CTSP_1         	H CTSP1        	    1.8630	  5770.000	  1259.000	    1	
gr24_p5_f90_lH      	  247	 1358	    5	   23	  101	   5873.0	   5873.0	CTSP_1         	H CTSP1        	    1.8320	  5989.000	  1300.000	    1	
gr24_p5_f90_lL      	  123	 1358	    5	   23	  101	   5973.0	   5964.0	CTSP_1         	H CTSP1        	    1.8650	  5989.000	  1300.000	    1	
gr24_p5_f90_lM      	  185	 1358	    5	   23	  101	   5943.0	   5903.0	CTSP_1         	H CTSP1        	    1.8380	  5989.000	  1300.000	    1	
fri26_p3_f50_lH     	  163	  900	    3	   25	   40	   2167.0	   2166.0	CTSP_1         	H CTSP1        	    2.3080	  2207.000	   826.000	    1	
fri26_p3_f50_lL     	   81	  900	    3	   25	   40	   2167.0	   2167.0	CTSP_1         	H CTSP1        	    2.3170	  2221.000	   820.000	    1	
fri26_p3_f50_lM     	  122	  900	    3	   25	   40	   2167.0	   2167.0	CTSP_1         	H CTSP1        	    2.3170	  2221.000	   820.000	    1	
fri26_p3_f70_lH     	  166	  914	    3	   25	   49	   2296.0	   2259.0	CTSP_1         	H CTSP1        	    1.4320	  2314.000	   864.000	    1	
fri26_p3_f70_lL     	   83	  914	    3	   25	   49	   2297.0	   2291.0	CTSP_1         	H CTSP1        	    2.3180	  2314.000	   864.000	    1	
fri26_p3_f70_lM     	  124	  914	    3	   25	   49	   2297.0	   2290.0	CTSP_1         	H CTSP1        	    2.3140	  2314.000	   864.000	    1	
fri26_p3_f90_lH     	  184	 1015	    3	   25	   66	   2620.0	   2620.0	CTSP_1         	H CTSP1        	    2.3000	  2620.000	   923.000	    1	
fri26_p3_f90_lL     	   92	 1015	    3	   25	   66	   2620.0	   2620.0	CTSP_1         	H CTSP1        	    2.3290	  2620.000	   923.000	    1	
fri26_p3_f90_lM     	  138	 1015	    3	   25	   66	   2620.0	   2620.0	CTSP_1         	H CTSP1        	    2.2970	  2620.000	   923.000	    1	
fri26_p5_f50_lH     	  163	  900	    5	   25	   66	   3483.0	   3441.0	CTSP_1         	H CTSP1        	    2.3110	  3609.000	   826.000	    1	
fri26_p5_f50_lL     	   81	  900	    5	   25	   66	   3494.0	   3441.0	CTSP_1         	H CTSP1        	    2.3220	  3642.000	   820.000	    1	
fri26_p5_f50_lM     	  122	  900	    5	   25	   66	   3494.0	   3441.0	CTSP_1         	H CTSP1        	    2.3250	  3642.000	   820.000	    1	
fri26_p5_f70_lH     	  166	  914	    5	   25	   83	   3808.0	   3754.0	CTSP_1         	H CTSP1        	    2.3310	  3868.000	   864.000	    1	
fri26_p5_f70_lL     	   83	  914	    5	   25	   83	   3810.0	   3808.0	CTSP_1         	H CTSP1        	    2.3310	  3868.000	   864.000	    1	
fri26_p5_f70_lM     	  124	  914	    5	   25	   83	   3808.0	   3799.0	CTSP_1         	H CTSP1        	    2.3310	  3868.000	   864.000	    1	
fri26_p5_f90_lH     	  184	 1015	    5	   25	  111	   4374.0	   4374.0	CTSP_1         	H CTSP1        	    2.3130	  4374.000	   923.000	    1	
fri26_p5_f90_lL     	   92	 1015	    5	   25	  111	   4374.0	   4374.0	CTSP_1         	H CTSP1        	    2.3380	  4374.000	   923.000	    1	
fri26_p5_f90_lM     	  138	 1015	    5	   25	  111	   4374.0	   4374.0	CTSP_1         	H CTSP1        	    1.4290	  4374.000	   923.000	    1	
bayg29_p3_f50_lH    	  227	 1225	    3	   28	   46	   3313.0	   3313.0	CTSP_1         	H CTSP1        	    3.1490	  3462.000	  1198.000	    1	
bayg29_p3_f50_lL    	  113	 1225	    3	   28	   46	   3327.0	   3313.0	CTSP_1         	H CTSP1        	    3.1670	  3552.000	  1213.000	    1	
bayg29_p3_f50_lM    	  170	 1225	    3	   28	   46	   3327.0	   3313.0	CTSP_1         	H CTSP1        	    3.1260	  3462.000	  1198.000	    1	
bayg29_p3_f70_lH    	  273	 1445	    3	   28	   59	   3753.0	   3753.0	CTSP_1         	H CTSP1        	    3.1750	  3915.000	  1392.000	    1	
bayg29_p3_f70_lL    	  136	 1445	    3	   28	   59	   3849.0	   3769.0	CTSP_1         	H CTSP1        	    3.1570	  3915.000	  1392.000	    1	
bayg29_p3_f70_lM    	  205	 1445	    3	   28	   59	   3784.0	   3753.0	CTSP_1         	H CTSP1        	    3.1700	  3915.000	  1392.000	    1	
bayg29_p3_f90_lH    	  313	 1722	    3	   28	   77	   4500.0	   4500.0	CTSP_1         	H CTSP1        	    3.1390	  4566.000	  1580.000	    1	
bayg29_p3_f90_lL    	  156	 1722	    3	   28	   77	   4507.0	   4500.0	CTSP_1         	H CTSP1        	    3.1210	  4566.000	  1580.000	    1	
bayg29_p3_f90_lM    	  234	 1722	    3	   28	   77	   4500.0	   4500.0	CTSP_1         	H CTSP1        	    3.1390	  4566.000	  1580.000	    1	
bayg29_p5_f50_lH    	  227	 1248	    5	   28	   77	   5415.0	   5415.0	CTSP_1         	H CTSP1        	    2.2390	  5801.000	  1224.000	    1	
bayg29_p5_f50_lL    	  113	 1248	    5	   28	   77	   5585.0	   5415.0	CTSP_1         	H CTSP1        	    3.1960	       INF	       INF	    0	
bayg29_p5_f50_lM    	  170	 1248	    5	   28	   77	   5490.0	   5415.0	CTSP_1         	H CTSP1        	    3.1960	  6171.000	  1274.000	    1	
bayg29_p5_f70_lH    	  273	 1504	    5	   28	   97	   6352.0	   6352.0	CTSP_1         	H CTSP1        	    3.2020	  6659.000	  1489.000	    1	
bayg29_p5_f70_lL    	  136	 1504	    5	   28	   97	   6552.0	   6371.0	CTSP_1         	H CTSP1        	    3.2040	       INF	       INF	    0	
bayg29_p5_f70_lM    	  205	 1504	    5	   28	   97	   6415.0	   6352.0	CTSP_1         	H CTSP1        	    3.1970	  6696.000	  1488.000	    1	
bayg29_p5_f90_lH    	  313	 1722	    5	   28	  128	   7490.0	   7490.0	CTSP_1         	H CTSP1        	    3.1430	  7673.000	  1589.000	    1	
bayg29_p5_f90_lL    	  156	 1722	    5	   28	  128	   7516.0	   7490.0	CTSP_1         	H CTSP1        	    3.1660	  7673.000	  1589.000	    1	
bayg29_p5_f90_lM    	  234	 1722	    5	   28	  128	   7490.0	   7490.0	CTSP_1         	H CTSP1        	    3.1570	  7673.000	  1589.000	    1	
bays29_p3_f50_lH    	  294	 1606	    3	   28	   45	   4274.0	   4274.0	CTSP_1         	H CTSP1        	    3.6740	  4352.000	  1501.000	    1	
bays29_p3_f50_lL    	  147	 1606	    3	   28	   45	   4301.0	   4293.0	CTSP_1         	H CTSP1        	    2.7730	  4560.000	  1555.000	    1	
bays29_p3_f50_lM    	  220	 1606	    3	   28	   45	   4293.0	   4274.0	CTSP_1         	H CTSP1        	    3.6290	  4352.000	  1501.000	    1	
bays29_p3_f70_lH    	  361	 1983	    3	   28	   58	   5075.0	   5075.0	CTSP_1         	H CTSP1        	    3.6380	  5100.000	  1803.000	    1	
bays29_p3_f70_lL    	  180	 1983	    3	   28	   58	   5122.0	   5075.0	CTSP_1         	H CTSP1        	    3.6630	  5161.000	  1850.000	    1	
bays29_p3_f70_lM    	  271	 1983	    3	   28	   58	   5075.0	   5075.0	CTSP_1         	H CTSP1        	    3.6670	  5100.000	  1803.000	    1	
bays29_p3_f90_lH    	  386	 2110	    3	   28	   74	   5690.0	   5673.0	CTSP_1         	H CTSP1        	    3.6430	  5690.000	  1953.000	    1	
bays29_p3_f90_lL    	  193	 2110	    3	   28	   74	   5690.0	   5690.0	CTSP_1         	H CTSP1        	    3.6460	  5690.000	  1953.000	    1	
bays29_p3_f90_lM    	  289	 2110	    3	   28	   74	   5690.0	   5673.0	CTSP_1         	H CTSP1        	    3.6460	  5690.000	  1953.000	    1	
bays29_p5_f50_lH    	  294	 1617	    5	   28	   76	   7130.0	   7130.0	CTSP_1         	H CTSP1        	    3.6770	  7322.000	  1559.000	    1	
bays29_p5_f50_lL    	  147	 1617	    5	   28	   76	   7183.0	   7149.0	CTSP_1         	H CTSP1        	    2.8180	       INF	       INF	    0	
bays29_p5_f50_lM    	  220	 1617	    5	   28	   76	   7149.0	   7130.0	CTSP_1         	H CTSP1        	    3.7050	  7758.000	  1633.000	    1	
bays29_p5_f70_lH    	  361	 1987	    5	   28	   98	   8542.0	   8527.0	CTSP_1         	H CTSP1        	    3.6700	  8592.000	  1847.000	    1	
bays29_p5_f70_lL    	  180	 1987	    5	   28	   98	   8596.0	   8542.0	CTSP_1         	H CTSP1        	    3.7140	       INF	       INF	    0	
bays29_p5_f70_lM    	  271	 1987	    5	   28	   98	   8542.0	   8542.0	CTSP_1         	H CTSP1        	    3.6900	  8592.000	  1847.000	    1	
bays29_p5_f90_lH    	  386	 2124	    5	   28	  124	   9534.0	   9512.0	CTSP_1         	H CTSP1        	    3.7030	  9586.000	  1966.000	    1	
bays29_p5_f90_lL    	  193	 2124	    5	   28	  124	   9534.0	   9534.0	CTSP_1         	H CTSP1        	    3.7280	  9586.000	  1966.000	    1	
bays29_p5_f90_lM    	  289	 2124	    5	   28	  124	   9534.0	   9512.0	CTSP_1         	H CTSP1        	    3.7630	  9586.000	  1966.000	    1	
ftv33_p3_f50_lH     	  215	 1112	    3	   33	   55	   3037.0	   3037.0	CTSP_1         	H CTSP1        	    4.9640	  3281.000	  1122.000	    1	
ftv33_p3_f50_lL     	  107	 1112	    3	   33	   55	   3037.0	   3037.0	CTSP_1         	H CTSP1        	    5.9250	  3281.000	  1122.000	    1	
ftv33_p3_f50_lM     	  161	 1112	    3	   33	   55	   3037.0	   3037.0	CTSP_1         	H CTSP1        	    5.9060	  3281.000	  1122.000	    1	
ftv33_p3_f70_lH     	  235	 1296	    3	   33	   72	   3405.0	   3335.0	CTSP_1         	H CTSP1        	    5.7960	  3509.000	  1334.000	    1	
ftv33_p3_f70_lL     	  117	 1296	    3	   33	   72	   3412.0	   3335.0	CTSP_1         	H CTSP1        	    5.8370	  3719.000	  1286.000	    1	
ftv33_p3_f70_lM     	  176	 1296	    3	   33	   72	   3412.0	   3335.0	CTSP_1         	H CTSP1        	    5.8480	  3591.000	  1310.000	    1	
ftv33_p3_f90_lH     	  257	 1394	    3	   33	   89	   3813.0	   3813.0	CTSP_1         	H CTSP1        	    4.8550	  3869.000	  1319.000	    1	
ftv33_p3_f90_lL     	  128	 1394	    3	   33	   89	   3813.0	   3813.0	CTSP_1         	H CTSP1        	    5.7880	  3869.000	  1319.000	    1	
ftv33_p3_f90_lM     	  192	 1394	    3	   33	   89	   3813.0	   3813.0	CTSP_1         	H CTSP1        	    5.7900	  3869.000	  1319.000	    1	
ftv33_p5_f50_lH     	  215	 1185	    5	   33	   92	   5174.0	   5174.0	CTSP_1         	H CTSP1        	    5.8110	  5604.000	  1194.000	    1	
ftv33_p5_f50_lL     	  107	 1185	    5	   33	   92	   5299.0	   5174.0	CTSP_1         	H CTSP1        	    5.8320	  5604.000	  1194.000	    1	
ftv33_p5_f50_lM     	  161	 1185	    5	   33	   92	   5192.0	   5174.0	CTSP_1         	H CTSP1        	    4.8460	  5604.000	  1194.000	    1	
ftv33_p5_f70_lH     	  235	 1296	    5	   33	  124	   5717.0	   5687.0	CTSP_1         	H CTSP1        	    5.7010	  5958.000	  1295.000	    1	
ftv33_p5_f70_lL     	  117	 1296	    5	   33	  124	   5728.0	   5687.0	CTSP_1         	H CTSP1        	    5.8250	  6117.000	  1286.000	    1	
ftv33_p5_f70_lM     	  176	 1296	    5	   33	  124	   5728.0	   5687.0	CTSP_1         	H CTSP1        	    5.8450	  6053.000	  1310.000	    1	
ftv33_p5_f90_lH     	  257	 1414	    5	   33	  155	   6378.0	   6378.0	CTSP_1         	H CTSP1        	    5.8920	  6536.000	  1340.000	    1	
ftv33_p5_f90_lL     	  128	 1414	    5	   33	  155	   6378.0	   6378.0	CTSP_1         	H CTSP1        	    5.8670	  6536.000	  1340.000	    1	
ftv33_p5_f90_lM     	  192	 1414	    5	   33	  155	   6378.0	   6378.0	CTSP_1         	H CTSP1        	    4.9220	  6536.000	  1340.000	    1	
ftv35_p3_f50_lH     	  221	 1217	    3	   35	   55	   3295.0	   3275.0	CTSP_1         	H CTSP1        	    6.6860	  3549.000	  1280.000	    1	
ftv35_p3_f50_lL     	  110	 1217	    3	   35	   55	   3349.0	   3316.0	CTSP_1         	H CTSP1        	    6.7670	  3706.000	  1327.000	    1	
ftv35_p3_f50_lM     	  166	 1217	    3	   35	   55	   3318.0	   3298.0	CTSP_1         	H CTSP1        	    6.7030	  3706.000	  1327.000	    1	
ftv35_p3_f70_lH     	  273	 1448	    3	   35	   76	   3822.0	   3814.0	CTSP_1         	H CTSP1        	    6.6970	  4200.000	  1462.000	    1	
ftv35_p3_f70_lL     	  136	 1448	    3	   35	   76	   3897.0	   3822.0	CTSP_1         	H CTSP1        	    5.8050	  4200.000	  1462.000	    1	
ftv35_p3_f70_lM     	  205	 1448	    3	   35	   76	   3836.0	   3814.0	CTSP_1         	H CTSP1        	    6.6700	  4200.000	  1462.000	    1	
ftv35_p3_f90_lH     	  289	 1593	    3	   35	   93	   4251.0	   4233.0	CTSP_1         	H CTSP1        	    6.6880	  4266.000	  1475.000	    1	
ftv35_p3_f90_lL     	  144	 1593	    3	   35	   93	   4254.0	   4251.0	CTSP_1         	H CTSP1        	    6.7040	  4266.000	  1475.000	    1	
ftv35_p3_f90_lM     	  217	 1593	    3	   35	   93	   4254.0	   4251.0	CTSP_1         	H CTSP1        	    5.8040	  4266.000	  1475.000	    1	
ftv35_p5_f50_lH     	  221	 1217	    5	   35	   91	   5447.0	   5433.0	CTSP_1         	H CTSP1        	    6.6960	  5914.000	  1280.000	    1	
ftv35_p5_f50_lL     	  110	 1217	    5	   35	   91	   5544.0	   5482.0	CTSP_1         	H CTSP1        	    6.7320	       INF	       INF	    0	
ftv35_p5_f50_lM     	  166	 1217	    5	   35	   91	   5496.0	   5462.0	CTSP_1         	H CTSP1        	    6.7350	  7326.000	  1543.000	    1	
ftv35_p5_f70_lH     	  273	 1503	    5	   35	  126	   6492.0	   6473.0	CTSP_1         	H CTSP1        	    6.6850	  7023.000	  1462.000	    1	
ftv35_p5_f70_lL     	  136	 1503	    5	   35	  126	   6600.0	   6503.0	CTSP_1         	H CTSP1        	    5.8380	  7023.000	  1462.000	    1	
ftv35_p5_f70_lM     	  205	 1503	    5	   35	  126	   6547.0	   6473.0	CTSP_1         	H CTSP1        	    6.6800	  7023.000	  1462.000	    1	
ftv35_p5_f90_lH     	  289	 1593	    5	   35	  152	   7090.0	   7062.0	CTSP_1         	H CTSP1        	    6.7020	  7163.000	  1475.000	    1	
ftv35_p5_f90_lL     	  144	 1593	    5	   35	  152	   7137.0	   7090.0	CTSP_1         	H CTSP1        	    6.7270	  7163.000	  1475.000	    1	
ftv35_p5_f90_lM     	  217	 1593	    5	   35	  152	   7090.0	   7090.0	CTSP_1         	H CTSP1        	    6.6880	  7163.000	  1475.000	    1	
ftv38_p3_f50_lH     	  235	 1292	    3	   38	   56	   3362.0	   3284.0	CTSP_1         	H CTSP1        	    7.7890	  3932.000	  1382.000	    1	
ftv38_p3_f50_lL     	  117	 1292	    3	   38	   56	   3471.0	   3288.0	CTSP_1         	H CTSP1        	    8.6990	  3932.000	  1382.000	    1	
ftv38_p3_f50_lM     	  176	 1292	    3	   38	   56	   3415.0	   3284.0	CTSP_1         	H CTSP1        	    8.6820	  3932.000	  1382.000	    1	
ftv38_p3_f70_lH     	  267	 1468	    3	   38	   85	   3963.0	   3963.0	CTSP_1         	H CTSP1        	    8.7090	  4132.000	  1437.000	    1	
ftv38_p3_f70_lL     	  133	 1468	    3	   38	   85	   3970.0	   3963.0	CTSP_1         	H CTSP1        	    7.9340	  4132.000	  1437.000	    1	
ftv38_p3_f70_lM     	  200	 1468	    3	   38	   85	   3963.0	   3963.0	CTSP_1         	H CTSP1        	    8.8130	  4132.000	  1437.000	    1	
ftv38_p3_f90_lH     	  303	 1668	    3	   38	  109	   4461.0	   4461.0	CTSP_1         	H CTSP1        	    8.7670	  4784.000	  1614.000	    1	
ftv38_p3_f90_lL     	  151	 1668	    3	   38	  109	   4461.0	   4461.0	CTSP_1         	H CTSP1        	    7.8860	  4784.000	  1614.000	    1	
ftv38_p3_f90_lM     	  227	 1668	    3	   38	  109	   4461.0	   4461.0	CTSP_1         	H CTSP1        	    8.8060	  4784.000	  1614.000	    1	
ftv38_p5_f50_lH     	  235	 1292	    5	   38	   98	   5774.0	   5732.0	CTSP_1         	H CTSP1        	    8.8050	  6679.000	  1407.000	    1	
ftv38_p5_f50_lL     	  117	 1292	    5	   38	   98	   5848.0	   5759.0	CTSP_1         	H CTSP1        	    8.8210	  6679.000	  1407.000	    1	
ftv38_p5_f50_lM     	  176	 1292	    5	   38	   98	   5804.0	   5732.0	CTSP_1         	H CTSP1        	    7.7760	  6679.000	  1407.000	    1	
ftv38_p5_f70_lH     	  267	 1468	    5	   38	  142	   6639.0	   6612.0	CTSP_1         	H CTSP1        	    8.7870	  7033.000	  1541.000	    1	
ftv38_p5_f70_lL     	  133	 1468	    5	   38	  142	   6671.0	   6653.0	CTSP_1         	H CTSP1        	    8.9100	  7178.000	  1501.000	    1	
ftv38_p5_f70_lM     	  200	 1468	    5	   38	  142	   6652.0	   6621.0	CTSP_1         	H CTSP1        	    8.8070	  7033.000	  1541.000	    1	
ftv38_p5_f90_lH     	  303	 1668	    5	   38	  180	   7392.0	   7392.0	CTSP_1         	H CTSP1        	    7.8440	  7883.000	  1628.000	    1	
ftv38_p5_f90_lL     	  151	 1668	    5	   38	  180	   7392.0	   7392.0	CTSP_1         	H CTSP1        	    8.9510	  7883.000	  1628.000	    1	
ftv38_p5_f90_lM     	  227	 1668	    5	   38	  180	   7392.0	   7392.0	CTSP_1         	H CTSP1        	    8.8310	  7883.000	  1628.000	    1	
dantzig42_p3_f50_lH 	  111	  605	    3	   41	   65	   1619.0	   1619.0	CTSP_1         	H CTSP1        	   11.6860	  1666.000	   569.000	    1	
dantzig42_p3_f50_lL 	   55	  605	    3	   41	   65	   1622.0	   1619.0	CTSP_1         	H CTSP1        	   12.6890	  1666.000	   569.000	    1	
dantzig42_p3_f50_lM 	   83	  605	    3	   41	   65	   1619.0	   1619.0	CTSP_1         	H CTSP1        	   12.6260	  1666.000	   569.000	    1	
dantzig42_p3_f70_lH 	  123	  676	    3	   41	   81	   1785.0	   1781.0	CTSP_1         	H CTSP1        	   11.7530	  1788.000	   617.000	    1	
dantzig42_p3_f70_lL 	   61	  676	    3	   41	   81	   1786.0	   1785.0	CTSP_1         	H CTSP1        	   12.6270	  1791.000	   615.000	    1	
dantzig42_p3_f70_lM 	   92	  676	    3	   41	   81	   1785.0	   1785.0	CTSP_1         	H CTSP1        	   11.6730	  1788.000	   617.000	    1	
dantzig42_p3_f90_lH 	  139	  766	    3	   41	  115	   2046.0	   2046.0	CTSP_1         	H CTSP1        	   12.6160	  2060.000	   698.000	    1	
dantzig42_p3_f90_lL 	   69	  766	    3	   41	  115	   2046.0	   2046.0	CTSP_1         	H CTSP1        	   12.6310	  2060.000	   698.000	    1	
dantzig42_p3_f90_lM 	  104	  766	    3	   41	  115	   2046.0	   2046.0	CTSP_1         	H CTSP1        	   11.7010	  2060.000	   698.000	    1	
dantzig42_p5_f50_lH 	  111	  611	    5	   41	  110	   2716.0	   2711.0	CTSP_1         	H CTSP1        	   12.5740	  2778.000	   576.000	    1	
dantzig42_p5_f50_lL 	   55	  611	    5	   41	  110	   2729.0	   2716.0	CTSP_1         	H CTSP1        	   11.7750	  2802.000	   584.000	    1	
dantzig42_p5_f50_lM 	   83	  611	    5	   41	  110	   2716.0	   2711.0	CTSP_1         	H CTSP1        	   12.6550	  2778.000	   576.000	    1	
dantzig42_p5_f70_lH 	  123	  676	    5	   41	  140	   2968.0	   2968.0	CTSP_1         	H CTSP1        	   12.6560	  3017.000	   634.000	    1	
dantzig42_p5_f70_lL 	   61	  676	    5	   41	  140	   2998.0	   2968.0	CTSP_1         	H CTSP1        	   11.7790	  3101.000	   648.000	    1	
dantzig42_p5_f70_lM 	   92	  676	    5	   41	  140	   2968.0	   2968.0	CTSP_1         	H CTSP1        	   12.6300	  3017.000	   634.000	    1	
dantzig42_p5_f90_lH 	  139	  766	    5	   41	  186	   3362.0	   3344.0	CTSP_1         	H CTSP1        	   11.6970	  3396.000	   697.000	    1	
dantzig42_p5_f90_lL 	   69	  766	    5	   41	  186	   3362.0	   3362.0	CTSP_1         	H CTSP1        	   12.6030	  3396.000	   697.000	    1	
dantzig42_p5_f90_lM 	  104	  766	    5	   41	  186	   3362.0	   3362.0	CTSP_1         	H CTSP1        	   12.6370	  3396.000	   697.000	    1	
swiss42_p3_f50_lH   	  205	 1107	    3	   41	   69	   3053.0	   3042.0	CTSP_1         	H CTSP1        	   11.3680	  3087.000	  1075.000	    1	
swiss42_p3_f50_lL   	  102	 1107	    3	   41	   69	   3063.0	   3055.0	CTSP_1         	H CTSP1        	   12.2350	  3087.000	  1075.000	    1	
swiss42_p3_f50_lM   	  154	 1107	    3	   41	   69	   3055.0	   3055.0	CTSP_1         	H CTSP1        	   12.2730	  3087.000	  1075.000	    1	
swiss42_p3_f70_lH   	  228	 1236	    3	   41	   86	   3274.0	   3274.0	CTSP_1         	H CTSP1        	   11.2710	  3303.000	  1126.000	    1	
swiss42_p3_f70_lL   	  114	 1236	    3	   41	   86	   3274.0	   3274.0	CTSP_1         	H CTSP1        	   12.2590	  3303.000	  1126.000	    1	
swiss42_p3_f70_lM   	  171	 1236	    3	   41	   86	   3274.0	   3274.0	CTSP_1         	H CTSP1        	   11.3450	  3303.000	  1126.000	    1	
swiss42_p3_f90_lH   	  249	 1369	    3	   41	  112	   3533.0	   3533.0	CTSP_1         	H CTSP1        	   12.2530	  3543.000	  1245.000	    1	
swiss42_p3_f90_lL   	  124	 1369	    3	   41	  112	   3543.0	   3533.0	CTSP_1         	H CTSP1        	   12.1610	  3543.000	  1245.000	    1	
swiss42_p3_f90_lM   	  186	 1369	    3	   41	  112	   3533.0	   3533.0	CTSP_1         	H CTSP1        	   11.1860	  3543.000	  1245.000	    1	
swiss42_p5_f50_lH   	  205	 1129	    5	   41	  113	   5115.0	   5115.0	CTSP_1         	H CTSP1        	   12.0920	  5155.000	  1075.000	    1	
swiss42_p5_f50_lL   	  102	 1129	    5	   41	  113	   5116.0	   5115.0	CTSP_1         	H CTSP1        	   11.1570	  5155.000	  1075.000	    1	
swiss42_p5_f50_lM   	  154	 1129	    5	   41	  113	   5116.0	   5115.0	CTSP_1         	H CTSP1        	   12.0660	  5155.000	  1075.000	    1	
swiss42_p5_f70_lH   	  228	 1258	    5	   41	  145	   5440.0	   5440.0	CTSP_1         	H CTSP1        	   12.0880	  5475.000	  1157.000	    1	
swiss42_p5_f70_lL   	  114	 1258	    5	   41	  145	   5462.0	   5440.0	CTSP_1         	H CTSP1        	   11.2590	  5874.000	  1230.000	    1	
swiss42_p5_f70_lM   	  171	 1258	    5	   41	  145	   5440.0	   5440.0	CTSP_1         	H CTSP1        	   12.0330	  5475.000	  1157.000	    1	
swiss42_p5_f90_lH   	  249	 1369	    5	   41	  190	   6007.0	   6007.0	CTSP_1         	H CTSP1        	   12.1210	  6033.000	  1251.000	    1	
swiss42_p5_f90_lL   	  124	 1369	    5	   41	  190	   6019.0	   6007.0	CTSP_1         	H CTSP1        	   11.2620	  6093.000	  1262.000	    1	
swiss42_p5_f90_lM   	  186	 1369	    5	   41	  190	   6007.0	   6007.0	CTSP_1         	H CTSP1        	   12.1450	  6033.000	  1251.000	    1	
ftv44_p3_f50_lH     	  255	 1353	    3	   44	   68	   3653.0	   3649.0	CTSP_1         	H CTSP1        	   11.9820	  3915.000	  1377.000	    1	
ftv44_p3_f50_lL     	  127	 1353	    3	   44	   68	   3668.0	   3656.0	CTSP_1         	H CTSP1        	   12.9910	  4356.000	  1479.000	    1	
ftv44_p3_f50_lM     	  191	 1353	    3	   44	   68	   3656.0	   3651.0	CTSP_1         	H CTSP1        	   12.9780	  4356.000	  1479.000	    1	
ftv44_p3_f70_lH     	  297	 1633	    3	   44	  100	   4446.0	   4440.0	CTSP_1         	H CTSP1        	   12.0920	  4765.000	  1617.000	    1	
ftv44_p3_f70_lL     	  148	 1633	    3	   44	  100	   4451.0	   4448.0	CTSP_1         	H CTSP1        	   12.9860	  4765.000	  1617.000	    1	
ftv44_p3_f70_lM     	  222	 1633	    3	   44	  100	   4448.0	   4444.0	CTSP_1         	H CTSP1        	   12.0780	  4765.000	  1617.000	    1	
ftv44_p3_f90_lH     	  295	 1624	    3	   44	  118	   4468.0	   4431.0	CTSP_1         	H CTSP1        	   13.0080	  4772.000	  1650.000	    1	
ftv44_p3_f90_lL     	  147	 1624	    3	   44	  118	   4484.0	   4469.0	CTSP_1         	H CTSP1        	   13.0510	  4772.000	  1650.000	    1	
ftv44_p3_f90_lM     	  221	 1624	    3	   44	  118	   4469.0	   4468.0	CTSP_1         	H CTSP1        	   11.8980	  4772.000	  1650.000	    1	
ftv44_p5_f50_lH     	  255	 1403	    5	   44	  116	   6229.0	   6229.0	CTSP_1         	H CTSP1        	   13.0890	  6705.000	  1416.000	    1	
ftv44_p5_f50_lL     	  127	 1403	    5	   44	  116	   6266.0	   6229.0	CTSP_1         	H CTSP1        	   12.1770	       INF	       INF	    0	
ftv44_p5_f50_lM     	  191	 1403	    5	   44	  116	   6229.0	   6229.0	CTSP_1         	H CTSP1        	   12.9930	  7398.000	  1555.000	    1	
ftv44_p5_f70_lH     	  297	 1633	    5	   44	  167	   7404.0	   7391.0	CTSP_1         	H CTSP1        	   13.0420	  7983.000	  1695.000	    1	
ftv44_p5_f70_lL     	  148	 1633	    5	   44	  167	   7456.0	   7456.0	CTSP_1         	H CTSP1        	   12.1300	  8543.000	  1741.000	    1	
ftv44_p5_f70_lM     	  222	 1633	    5	   44	  167	   7426.0	   7409.0	CTSP_1         	H CTSP1        	   13.0460	  7983.000	  1695.000	    1	
ftv44_p5_f90_lH     	  295	 1624	    5	   44	  195	   7403.0	   7361.0	CTSP_1         	H CTSP1        	   12.1200	  8035.000	  1661.000	    1	
ftv44_p5_f90_lL     	  147	 1624	    5	   44	  195	   7669.0	   7559.0	CTSP_1         	H CTSP1        	   13.0360	  8173.000	  1682.000	    1	
ftv44_p5_f90_lM     	  221	 1624	    5	   44	  195	   7403.0	   7403.0	CTSP_1         	H CTSP1        	   13.0350	  8035.000	  1661.000	    1	
ftv47_p3_f50_lH     	  286	 1577	    3	   47	   77	   4090.0	   4082.0	CTSP_1         	H CTSP1        	   15.9970	  5305.000	  1827.000	    1	
ftv47_p3_f50_lL     	  143	 1577	    3	   47	   77	   4127.0	   4090.0	CTSP_1         	H CTSP1        	   16.9830	  5321.000	  1843.000	    1	
ftv47_p3_f50_lM     	  215	 1577	    3	   47	   77	   4090.0	   4090.0	CTSP_1         	H CTSP1        	   16.0530	  5305.000	  1827.000	    1	
ftv47_p3_f70_lH     	  311	 1698	    3	   47	  101	   4648.0	   4648.0	CTSP_1         	H CTSP1        	   16.0520	  5719.000	  1941.000	    1	
ftv47_p3_f70_lL     	  155	 1698	    3	   47	  101	   4663.0	   4663.0	CTSP_1         	H CTSP1        	   16.9520	  5719.000	  1941.000	    1	
ftv47_p3_f70_lM     	  233	 1698	    3	   47	  101	   4663.0	   4648.0	CTSP_1         	H CTSP1        	   15.9980	  5719.000	  1941.000	    1	
ftv47_p3_f90_lH     	  342	 1885	    3	   47	  130	   4906.0	   4906.0	CTSP_1         	H CTSP1        	   16.9730	  6033.000	  2068.000	    1	
ftv47_p3_f90_lL     	  171	 1885	    3	   47	  130	   4940.0	   4906.0	CTSP_1         	H CTSP1        	   16.0680	  6033.000	  2068.000	    1	
ftv47_p3_f90_lM     	  257	 1885	    3	   47	  130	   4906.0	   4906.0	CTSP_1         	H CTSP1        	   16.9930	  6033.000	  2068.000	    1	
ftv47_p5_f50_lH     	  286	 1577	    5	   47	  127	   6901.0	   6854.0	CTSP_1         	H CTSP1        	   15.9080	  8911.000	  1947.000	    1	
ftv47_p5_f50_lL     	  143	 1577	    5	   47	  127	   6951.0	   6876.0	CTSP_1         	H CTSP1        	   17.0080	       INF	       INF	    0	
ftv47_p5_f50_lM     	  215	 1577	    5	   47	  127	   6925.0	   6865.0	CTSP_1         	H CTSP1        	   16.1020	  9247.000	  1952.000	    1	
ftv47_p5_f70_lH     	  311	 1712	    5	   47	  169	   7827.0	   7812.0	CTSP_1         	H CTSP1        	   16.9970	  9583.000	  1969.000	    1	
ftv47_p5_f70_lL     	  155	 1712	    5	   47	  169	   7832.0	   7829.0	CTSP_1         	H CTSP1        	   16.0870	  9802.000	  2030.000	    1	
ftv47_p5_f70_lM     	  233	 1712	    5	   47	  169	   7829.0	   7827.0	CTSP_1         	H CTSP1        	   16.9690	  9583.000	  1969.000	    1	
ftv47_p5_f90_lH     	  342	 1885	    5	   47	  215	   8226.0	   8226.0	CTSP_1         	H CTSP1        	   16.0260	 10073.000	  2068.000	    1	
ftv47_p5_f90_lL     	  171	 1885	    5	   47	  215	   8378.0	   8226.0	CTSP_1         	H CTSP1        	   17.0560	 10073.000	  2068.000	    1	
ftv47_p5_f90_lM     	  257	 1885	    5	   47	  215	   8226.0	   8226.0	CTSP_1         	H CTSP1        	   16.0350	 10073.000	  2068.000	    1	
att48_p3_f50_lH     	 1708	 9398	    3	   47	   77	  24965.0	  24942.0	CTSP_1         	H CTSP1        	   18.4700	 26080.000	  8818.000	    1	
att48_p3_f50_lL     	  854	 9398	    3	   47	   77	  25211.0	  24954.0	CTSP_1         	H CTSP1        	   17.5430	 26080.000	  8818.000	    1	
att48_p3_f50_lM     	 1281	 9398	    3	   47	   77	  24992.0	  24942.0	CTSP_1         	H CTSP1        	   17.5070	 26080.000	  8818.000	    1	
att48_p3_f70_lH     	 1845	10098	    3	   47	   99	  26238.0	  26089.0	CTSP_1         	H CTSP1        	   18.3920	 27615.000	  9633.000	    1	
att48_p3_f70_lL     	  922	10098	    3	   47	   99	  26486.0	  26405.0	CTSP_1         	H CTSP1        	   17.6160	 28617.000	  9916.000	    1	
att48_p3_f70_lM     	 1384	10098	    3	   47	   99	  26446.0	  26314.0	CTSP_1         	H CTSP1        	   18.3490	 27615.000	  9633.000	    1	
att48_p3_f90_lH     	 2101	11173	    3	   47	  127	  29992.0	  29929.0	CTSP_1         	H CTSP1        	   17.5840	 30330.000	 10323.000	    1	
att48_p3_f90_lL     	 1050	11173	    3	   47	  127	  29992.0	  29992.0	CTSP_1         	H CTSP1        	   18.4430	 30330.000	 10323.000	    1	
att48_p3_f90_lM     	 1576	11173	    3	   47	  127	  29992.0	  29992.0	CTSP_1         	H CTSP1        	   17.4840	 30330.000	 10323.000	    1	
att48_p5_f50_lH     	 1708	 9398	    5	   47	  122	  40074.0	  40047.0	CTSP_1         	H CTSP1        	   17.5430	 41536.000	  8818.000	    1	
att48_p5_f50_lL     	  854	 9398	    5	   47	  122	  40768.0	  40181.0	CTSP_1         	H CTSP1        	   18.8000	       INF	       INF	    0	
att48_p5_f50_lM     	 1281	 9398	    5	   47	  122	  40169.0	  40047.0	CTSP_1         	H CTSP1        	   17.5470	 42606.000	  9114.000	    1	
att48_p5_f70_lH     	 1845	10151	    5	   47	  168	  44427.0	  44198.0	CTSP_1         	H CTSP1        	   18.4910	 46095.000	  9633.000	    1	
att48_p5_f70_lL     	  922	10151	    5	   47	  168	  45177.0	  45095.0	CTSP_1         	H CTSP1        	   17.6360	 48448.000	  9953.000	    1	
att48_p5_f70_lM     	 1384	10151	    5	   47	  168	  45084.0	  44517.0	CTSP_1         	H CTSP1        	   17.5120	 46095.000	  9633.000	    1	
att48_p5_f90_lH     	 2101	11559	    5	   47	  214	  50348.0	  50305.0	CTSP_1         	H CTSP1        	   18.5140	 51046.000	 10628.000	    1	
att48_p5_f90_lL     	 1050	11559	    5	   47	  214	  50348.0	  50348.0	CTSP_1         	H CTSP1        	   17.5760	 51046.000	 10628.000	    1	
att48_p5_f90_lM     	 1576	11559	    5	   47	  214	  50348.0	  50348.0	CTSP_1         	H CTSP1        	   18.4960	 51046.000	 10628.000	    1	
hk48_p3_f50_lH      	 1815	 9982	    3	   47	   72	  26026.0	  25876.0	CTSP_1         	H CTSP1        	   17.3090	 27083.000	  9242.000	    1	
hk48_p3_f50_lL      	  907	 9982	    3	   47	   72	  26449.0	  26026.0	CTSP_1         	H CTSP1        	   18.3270	 27083.000	  9242.000	    1	
hk48_p3_f50_lM      	 1361	 9982	    3	   47	   72	  26208.0	  25876.0	CTSP_1         	H CTSP1        	   17.5070	 27083.000	  9242.000	    1	
hk48_p3_f70_lH      	 2024	11135	    3	   47	  103	  29522.0	  29522.0	CTSP_1         	H CTSP1        	   17.6200	 30239.000	 10390.000	    1	
hk48_p3_f70_lL      	 1012	11135	    3	   47	  103	  29955.0	  29927.0	CTSP_1         	H CTSP1        	   18.2050	 30251.000	 10354.000	    1	
hk48_p3_f70_lM      	 1518	11135	    3	   47	  103	  29784.0	  29522.0	CTSP_1         	H CTSP1        	   17.3820	 30239.000	 10390.000	    1	
hk48_p3_f90_lH      	 2272	12499	    3	   47	  126	  32940.0	  32931.0	CTSP_1         	H CTSP1        	   18.2240	 33123.000	 11363.000	    1	
hk48_p3_f90_lL      	 1136	12499	    3	   47	  126	  32986.0	  32940.0	CTSP_1         	H CTSP1        	   17.3780	 33123.000	 11363.000	    1	
hk48_p3_f90_lM      	 1704	12499	    3	   47	  126	  32964.0	  32940.0	CTSP_1         	H CTSP1        	   18.2550	 33123.000	 11363.000	    1	
hk48_p5_f50_lH      	 1815	 9982	    5	   47	  119	  42492.0	  42266.0	CTSP_1         	H CTSP1        	   17.3020	 44619.000	  9425.000	    1	
hk48_p5_f50_lL      	  907	 9982	    5	   47	  119	  43361.0	  42751.0	CTSP_1         	H CTSP1        	   18.2270	 44913.000	  9075.000	    1	
hk48_p5_f50_lM      	 1361	 9982	    5	   47	  119	  42861.0	  42266.0	CTSP_1         	H CTSP1        	   17.2740	 44619.000	  9425.000	    1	
hk48_p5_f70_lH      	 2024	11135	    5	   47	  165	  49089.0	  48862.0	CTSP_1         	H CTSP1        	   17.2410	 49998.000	 10354.000	    1	
hk48_p5_f70_lL      	 1012	11135	    5	   47	  165	  49454.0	  49371.0	CTSP_1         	H CTSP1        	   18.5240	 49998.000	 10354.000	    1	
hk48_p5_f70_lM      	 1518	11135	    5	   47	  165	  49406.0	  48914.0	CTSP_1         	H CTSP1        	   17.3010	 49998.000	 10354.000	    1	
hk48_p5_f90_lH      	 2272	12499	    5	   47	  207	  54279.0	  54270.0	CTSP_1         	H CTSP1        	   18.2320	 54616.000	 11363.000	    1	
hk48_p5_f90_lL      	 1136	12499	    5	   47	  207	  54335.0	  54287.0	CTSP_1         	H CTSP1        	   17.3320	 54616.000	 11363.000	    1	
hk48_p5_f90_lM      	 1704	12499	    5	   47	  207	  54306.0	  54276.0	CTSP_1         	H CTSP1        	   18.1880	 54616.000	 11363.000	    1	
eil51_p3_f50_lH     	   60	  319	    3	   50	   78	    865.0	    860.0	CTSP_1         	H CTSP1        	   20.6090	   908.000	   320.000	    1	
eil51_p3_f50_lL     	   30	  319	    3	   50	   78	    871.0	    869.0	CTSP_1         	H CTSP1        	   20.4410	   964.000	   330.000	    1	
eil51_p3_f50_lM     	   45	  319	    3	   50	   78	    865.0	    865.0	CTSP_1         	H CTSP1        	   21.6190	   908.000	   320.000	    1	
eil51_p3_f70_lH     	   73	  387	    3	   50	  102	   1010.0	   1008.0	CTSP_1         	H CTSP1        	   20.6230	  1032.000	   364.000	    1	
eil51_p3_f70_lL     	   36	  387	    3	   50	  102	   1018.0	   1012.0	CTSP_1         	H CTSP1        	   20.7060	  1093.000	   372.000	    1	
eil51_p3_f70_lM     	   55	  387	    3	   50	  102	   1012.0	   1012.0	CTSP_1         	H CTSP1        	   21.5280	  1032.000	   364.000	    1	
eil51_p3_f90_lH     	   84	  462	    3	   50	  136	   1212.0	   1212.0	CTSP_1         	H CTSP1        	   20.6710	  1241.000	   427.000	    1	
eil51_p3_f90_lL     	   42	  462	    3	   50	  136	   1218.0	   1214.0	CTSP_1         	H CTSP1        	   20.5290	  1241.000	   427.000	    1	
eil51_p3_f90_lM     	   63	  462	    3	   50	  136	   1212.0	   1212.0	CTSP_1         	H CTSP1        	   21.4860	  1241.000	   427.000	    1	
eil51_p5_f50_lH     	   60	  334	    5	   50	  134	   1464.0	   1463.0	CTSP_1         	H CTSP1        	   20.6080	  1561.000	   338.000	    1	
eil51_p5_f50_lL     	   30	  334	    5	   50	  134	   1485.0	   1475.0	CTSP_1         	H CTSP1        	   20.7820	  1734.000	   365.000	    1	
eil51_p5_f50_lM     	   45	  334	    5	   50	  134	   1469.0	   1464.0	CTSP_1         	H CTSP1        	   21.5420	  1659.000	   347.000	    1	
eil51_p5_f70_lH     	   73	  405	    5	   50	  173	   1732.0	   1730.0	CTSP_1         	H CTSP1        	   20.6900	  1846.000	   386.000	    1	
eil51_p5_f70_lL     	   36	  405	    5	   50	  173	   1774.0	   1732.0	CTSP_1         	H CTSP1        	   20.6700	       INF	       INF	    0	
eil51_p5_f70_lM     	   55	  405	    5	   50	  173	   1737.0	   1732.0	CTSP_1         	H CTSP1        	   21.6090	  1856.000	   397.000	    1	
eil51_p5_f90_lH     	   84	  462	    5	   50	  233	   2053.0	   2049.0	CTSP_1         	H CTSP1        	   20.5910	  2086.000	   427.000	    1	
eil51_p5_f90_lL     	   42	  462	    5	   50	  233	   2053.0	   2053.0	CTSP_1         	H CTSP1        	   20.6960	  2086.000	   427.000	    1	
eil51_p5_f90_lM     	   63	  462	    5	   50	  233	   2053.0	   2049.0	CTSP_1         	H CTSP1        	   21.5350	  2086.000	   427.000	    1	
ft53_p3_f50_lH      	 1112	 6119	    3	   52	   89	  16812.0	  16812.0	CTSP_1         	H CTSP1        	   22.3830	 20016.000	  6785.000	    1	
ft53_p3_f50_lL      	  556	 6119	    3	   52	   89	  16949.0	  16936.0	CTSP_1         	H CTSP1        	   22.3640	 20016.000	  6785.000	    1	
ft53_p3_f50_lM      	  834	 6119	    3	   52	   89	  16936.0	  16875.0	CTSP_1         	H CTSP1        	   22.2100	 20016.000	  6785.000	    1	
ft53_p3_f70_lH      	 1251	 6880	    3	   52	  120	  18734.0	  18717.0	CTSP_1         	H CTSP1        	   23.2330	 21800.000	  7305.000	    1	
ft53_p3_f70_lL      	  625	 6880	    3	   52	  120	  18834.0	  18834.0	CTSP_1         	H CTSP1        	   22.3560	 21800.000	  7305.000	    1	
ft53_p3_f70_lM      	  938	 6880	    3	   52	  120	  18811.0	  18811.0	CTSP_1         	H CTSP1        	   22.3460	 21800.000	  7305.000	    1	
ft53_p3_f90_lH      	 1370	 7537	    3	   52	  141	  20172.0	  20172.0	CTSP_1         	H CTSP1        	   22.3430	 23782.000	  8096.000	    1	
ft53_p3_f90_lL      	  685	 7537	    3	   52	  141	  20172.0	  20172.0	CTSP_1         	H CTSP1        	   23.2940	 23782.000	  8096.000	    1	
ft53_p3_f90_lM      	 1027	 7537	    3	   52	  141	  20172.0	  20172.0	CTSP_1         	H CTSP1        	   22.2280	 23782.000	  8096.000	    1	
ft53_p5_f50_lH      	 1111	 6113	    5	   52	  135	  27696.0	  27696.0	CTSP_1         	H CTSP1        	   22.5230	 31380.000	  6792.000	    1	
ft53_p5_f50_lL      	  555	 6113	    5	   52	  135	  27696.0	  27696.0	CTSP_1         	H CTSP1        	   23.3340	       INF	       INF	    0	
ft53_p5_f50_lM      	  833	 6113	    5	   52	  135	  27696.0	  27696.0	CTSP_1         	H CTSP1        	   22.4090	 31380.000	  6792.000	    1	
ft53_p5_f70_lH      	 1259	 6927	    5	   52	  177	  29749.0	  29729.0	CTSP_1         	H CTSP1        	   22.3950	 35979.000	  7609.000	    1	
ft53_p5_f70_lL      	  629	 6927	    5	   52	  177	  29815.0	  29791.0	CTSP_1         	H CTSP1        	   22.4190	 36735.000	  7740.000	    1	
ft53_p5_f70_lM      	  944	 6927	    5	   52	  177	  29788.0	  29732.0	CTSP_1         	H CTSP1        	   23.2700	 35979.000	  7609.000	    1	
ft53_p5_f90_lH      	 1371	 7544	    5	   52	  243	  33719.0	  33719.0	CTSP_1         	H CTSP1        	   22.3610	 39328.000	  8111.000	    1	
ft53_p5_f90_lL      	  685	 7544	    5	   52	  243	  33719.0	  33719.0	CTSP_1         	H CTSP1        	   22.4390	 39328.000	  8111.000	    1	
ft53_p5_f90_lM      	 1028	 7544	    5	   52	  243	  33719.0	  33719.0	CTSP_1         	H CTSP1        	   23.3080	 39328.000	  8111.000	    1	
ftv55_p3_f50_lH     	  265	 1460	    3	   55	   91	   3892.0	   3879.0	CTSP_1         	H CTSP1        	   24.9650	  4271.000	  1506.000	    1	
ftv55_p3_f50_lL     	  132	 1460	    3	   55	   91	   3947.0	   3892.0	CTSP_1         	H CTSP1        	   24.9730	  5332.000	  1818.000	    1	
ftv55_p3_f50_lM     	  199	 1460	    3	   55	   91	   3893.0	   3892.0	CTSP_1         	H CTSP1        	   24.8190	  4273.000	  1439.000	    1	
ftv55_p3_f70_lH     	  283	 1559	    3	   55	  120	   4223.0	   4223.0	CTSP_1         	H CTSP1        	   24.8530	  4782.000	  1642.000	    1	
ftv55_p3_f70_lL     	  141	 1559	    3	   55	  120	   4261.0	   4223.0	CTSP_1         	H CTSP1        	   25.8780	  4782.000	  1642.000	    1	
ftv55_p3_f70_lM     	  212	 1559	    3	   55	  120	   4223.0	   4223.0	CTSP_1         	H CTSP1        	   24.9220	  4782.000	  1642.000	    1	
ftv55_p3_f90_lH     	  311	 1710	    3	   55	  150	   4657.0	   4619.0	CTSP_1         	H CTSP1        	   24.9750	  5152.000	  1733.000	    1	
ftv55_p3_f90_lL     	  155	 1710	    3	   55	  150	   4657.0	   4657.0	CTSP_1         	H CTSP1        	   24.9050	  5152.000	  1733.000	    1	
ftv55_p3_f90_lM     	  233	 1710	    3	   55	  150	   4657.0	   4619.0	CTSP_1         	H CTSP1        	   24.9390	  5152.000	  1733.000	    1	
ftv55_p5_f50_lH     	  256	 1409	    5	   55	  140	   5851.0	   5851.0	CTSP_1         	H CTSP1        	   25.7220	  7092.000	  1474.000	    1	
ftv55_p5_f50_lL     	  128	 1409	    5	   55	  140	   5998.0	   5851.0	CTSP_1         	H CTSP1        	   25.0120	       INF	       INF	    0	
ftv55_p5_f50_lM     	  192	 1409	    5	   55	  140	   5889.0	   5851.0	CTSP_1         	H CTSP1        	   24.8720	  7192.000	  1497.000	    1	
ftv55_p5_f70_lH     	  309	 1700	    5	   55	  201	   7510.0	   7510.0	CTSP_1         	H CTSP1        	   25.0350	  7820.000	  1703.000	    1	
ftv55_p5_f70_lL     	  154	 1700	    5	   55	  201	   7637.0	   7510.0	CTSP_1         	H CTSP1        	   25.0980	       INF	       INF	    0	
ftv55_p5_f70_lM     	  231	 1700	    5	   55	  201	   7510.0	   7510.0	CTSP_1         	H CTSP1        	   25.0680	       INF	       INF	    0	
ftv55_p5_f90_lH     	  321	 1768	    5	   55	  257	   7853.0	   7814.0	CTSP_1         	H CTSP1        	   25.8920	  8458.000	  1756.000	    1	
ftv55_p5_f90_lL     	  160	 1768	    5	   55	  257	   7930.0	   7930.0	CTSP_1         	H CTSP1        	   24.9490	  8506.000	  1746.000	    1	
ftv55_p5_f90_lM     	  241	 1768	    5	   55	  257	   7890.0	   7814.0	CTSP_1         	H CTSP1        	   25.0430	  8458.000	  1756.000	    1	
ftv64_p3_f50_lH     	  309	 1699	    3	   64	  109	   4501.0	   4490.0	CTSP_1         	H CTSP1        	   38.8180	  5600.000	  2016.000	    1	
ftv64_p3_f50_lL     	  154	 1699	    3	   64	  109	   4511.0	   4511.0	CTSP_1         	H CTSP1        	   38.7970	  5949.000	  2024.000	    1	
ftv64_p3_f50_lM     	  231	 1699	    3	   64	  109	   4501.0	   4490.0	CTSP_1         	H CTSP1        	   37.7420	  5949.000	  2024.000	    1	
ftv64_p3_f70_lH     	  350	 1925	    3	   64	  135	   4968.0	   4968.0	CTSP_1         	H CTSP1        	   38.6060	  6069.000	  2114.000	    1	
ftv64_p3_f70_lL     	  175	 1925	    3	   64	  135	   4988.0	   4988.0	CTSP_1         	H CTSP1        	   38.7840	  6165.000	  2150.000	    1	
ftv64_p3_f70_lM     	  262	 1925	    3	   64	  135	   4977.0	   4971.0	CTSP_1         	H CTSP1        	   38.9170	  6069.000	  2114.000	    1	
ftv64_p3_f90_lH     	  363	 1996	    3	   64	  179	   5375.0	   5375.0	CTSP_1         	H CTSP1        	   37.6550	  6566.000	  2253.000	    1	
ftv64_p3_f90_lL     	  181	 1996	    3	   64	  179	   5394.0	   5375.0	CTSP_1         	H CTSP1        	   38.7460	  6566.000	  2253.000	    1	
ftv64_p3_f90_lM     	  272	 1996	    3	   64	  179	   5375.0	   5375.0	CTSP_1         	H CTSP1        	   38.6740	  6566.000	  2253.000	    1	
ftv64_p5_f50_lH     	  313	 1723	    5	   64	  174	   7588.0	   7436.0	CTSP_1         	H CTSP1        	   38.7850	  9187.000	  2024.000	    1	
ftv64_p5_f50_lL     	  156	 1723	    5	   64	  174	   7651.0	   7436.0	CTSP_1         	H CTSP1        	   38.9430	       INF	       INF	    0	
ftv64_p5_f50_lM     	  235	 1723	    5	   64	  174	   7588.0	   7436.0	CTSP_1         	H CTSP1        	   37.9500	  9190.000	  2008.000	    1	
ftv64_p5_f70_lH     	  338	 1860	    5	   64	  240	   8408.0	   8408.0	CTSP_1         	H CTSP1        	   39.0050	 10252.000	  2122.000	    1	
ftv64_p5_f70_lL     	  169	 1860	    5	   64	  240	   8417.0	   8417.0	CTSP_1         	H CTSP1        	   38.7530	 10252.000	  2122.000	    1	
ftv64_p5_f70_lM     	  253	 1860	    5	   64	  240	   8411.0	   8411.0	CTSP_1         	H CTSP1        	   38.5710	 10252.000	  2122.000	    1	
ftv64_p5_f90_lH     	  367	 2022	    5	   64	  300	   8956.0	   8936.0	CTSP_1         	H CTSP1        	   37.9210	 11045.000	  2253.000	    1	
ftv64_p5_f90_lL     	  183	 2022	    5	   64	  300	   8956.0	   8936.0	CTSP_1         	H CTSP1        	   38.6740	 11045.000	  2253.000	    1	
ftv64_p5_f90_lM     	  275	 2022	    5	   64	  300	   8956.0	   8936.0	CTSP_1         	H CTSP1        	   38.6940	 11045.000	  2253.000	    1	
ft70_p3_f50_lH      	 4736	26050	    3	   69	  113	  69405.0	  69274.0	CTSP_1         	H CTSP1        	   49.2380	 81709.000	 28102.000	    1	
ft70_p3_f50_lL      	 2368	26050	    3	   69	  113	  70695.0	  70695.0	CTSP_1         	H CTSP1        	   50.3840	 82170.000	 28089.000	    1	
ft70_p3_f50_lM      	 3552	26050	    3	   69	  113	  70271.0	  70271.0	CTSP_1         	H CTSP1        	   49.3260	 81709.000	 28102.000	    1	
ft70_p3_f70_lH      	 6144	33796	    3	   69	  152	  92383.0	  92383.0	CTSP_1         	H CTSP1        	   50.3380	103818.000	 35929.000	    1	
ft70_p3_f70_lL      	 3072	33796	    3	   69	  152	  94085.0	  92383.0	CTSP_1         	H CTSP1        	   49.5210	103826.000	 35720.000	    1	
ft70_p3_f70_lM      	 4608	33796	    3	   69	  152	  92383.0	  92383.0	CTSP_1         	H CTSP1        	   49.4800	103818.000	 35929.000	    1	
ft70_p3_f90_lH      	 6983	38407	    3	   69	  179	 102314.0	 102314.0	CTSP_1         	H CTSP1        	   50.1800	112130.000	 38795.000	    1	
ft70_p3_f90_lL      	 3491	38407	    3	   69	  179	 102431.0	 102431.0	CTSP_1         	H CTSP1        	   49.3810	112130.000	 38795.000	    1	
ft70_p3_f90_lM      	 5237	38407	    3	   69	  179	 102384.0	 102384.0	CTSP_1         	H CTSP1        	   50.0290	112130.000	 38795.000	    1	
ft70_p5_f50_lH      	 4770	26236	    5	   69	  176	 112290.0	 112290.0	CTSP_1         	H CTSP1        	   49.4080	135367.000	 29638.000	    1	
ft70_p5_f50_lL      	 2385	26236	    5	   69	  176	 113717.0	 113717.0	CTSP_1         	H CTSP1        	   49.2840	       INF	       INF	    0	
ft70_p5_f50_lM      	 3577	26236	    5	   69	  176	 112957.0	 112957.0	CTSP_1         	H CTSP1        	   50.3820	140735.000	 29919.000	    1	
ft70_p5_f70_lH      	 6470	35586	    5	   69	  245	 149092.0	 149092.0	CTSP_1         	H CTSP1        	   49.4330	168438.000	 35933.000	    1	
ft70_p5_f70_lL      	 3235	35586	    5	   69	  245	 151410.0	 151410.0	CTSP_1         	H CTSP1        	   50.4690	       INF	       INF	    0	
ft70_p5_f70_lM      	 4852	35586	    5	   69	  245	 149692.0	 149692.0	CTSP_1         	H CTSP1        	   49.5150	169282.000	 36078.000	    1	
ft70_p5_f90_lH      	 7351	40433	    5	   69	  311	 176071.0	 176071.0	CTSP_1         	H CTSP1        	   49.4990	195362.000	 41044.000	    1	
ft70_p5_f90_lL      	 3675	40433	    5	   69	  311	 176552.0	 176552.0	CTSP_1         	H CTSP1        	   50.2520	200781.000	 41684.000	    1	
ft70_p5_f90_lM      	 5513	40433	    5	   69	  311	 176071.0	 176071.0	CTSP_1         	H CTSP1        	   49.5510	195362.000	 41044.000	    1	
ftv70_p3_f50_lH     	  320	 1761	    3	   70	  120	   4835.0	   4835.0	CTSP_1         	H CTSP1        	   49.2670	  5960.000	  2043.000	    1	
ftv70_p3_f50_lL     	  160	 1761	    3	   70	  120	   4911.0	   4911.0	CTSP_1         	H CTSP1        	   48.5430	  6053.000	  2043.000	    1	
ftv70_p3_f50_lM     	  240	 1761	    3	   70	  120	   4904.0	   4904.0	CTSP_1         	H CTSP1        	   49.3610	  5960.000	  2043.000	    1	
ftv70_p3_f70_lH     	  351	 1932	    3	   70	  161	   5302.0	   5302.0	CTSP_1         	H CTSP1        	   48.3650	  6499.000	  2251.000	    1	
ftv70_p3_f70_lL     	  175	 1932	    3	   70	  161	   5333.0	   5302.0	CTSP_1         	H CTSP1        	   49.1710	  6539.000	  2266.000	    1	
ftv70_p3_f70_lM     	  263	 1932	    3	   70	  161	   5302.0	   5302.0	CTSP_1         	H CTSP1        	   48.5220	  6499.000	  2251.000	    1	
ftv70_p3_f90_lH     	  390	 2145	    3	   70	  195	   5808.0	   5808.0	CTSP_1         	H CTSP1        	   48.5700	  6974.000	  2362.000	    1	
ftv70_p3_f90_lL     	  195	 2145	    3	   70	  195	   5808.0	   5808.0	CTSP_1         	H CTSP1        	   49.3590	  6974.000	  2362.000	    1	
ftv70_p3_f90_lM     	  292	 2145	    3	   70	  195	   5808.0	   5808.0	CTSP_1         	H CTSP1        	   48.6020	  6974.000	  2362.000	    1	
ftv70_p5_f50_lH     	  286	 1577	    5	   70	  175	   7353.0	   7072.0	CTSP_1         	H CTSP1        	   49.2660	  9531.000	  2041.000	    1	
ftv70_p5_f50_lL     	  143	 1577	    5	   70	  175	   7431.0	   7431.0	CTSP_1         	H CTSP1        	   48.3050	       INF	       INF	    0	
ftv70_p5_f50_lM     	  215	 1577	    5	   70	  175	   7353.0	   7353.0	CTSP_1         	H CTSP1        	   49.7700	       INF	       INF	    0	
ftv70_p5_f70_lH     	  353	 1941	    5	   70	  247	   8629.0	   8629.0	CTSP_1         	H CTSP1        	   49.6800	 10185.000	  2152.000	    1	
ftv70_p5_f70_lL     	  176	 1941	    5	   70	  247	   8729.0	   8729.0	CTSP_1         	H CTSP1        	   49.2160	 10417.000	  2170.000	    1	
ftv70_p5_f70_lM     	  264	 1941	    5	   70	  247	   8636.0	   8636.0	CTSP_1         	H CTSP1        	   48.4640	 10185.000	  2152.000	    1	
ftv70_p5_f90_lH     	  382	 2103	    5	   70	  323	   9208.0	   9208.0	CTSP_1         	H CTSP1        	   48.6450	 11102.000	  2338.000	    1	
ftv70_p5_f90_lL     	  191	 2103	    5	   70	  323	   9255.0	   9220.0	CTSP_1         	H CTSP1        	   49.3420	 11185.000	  2345.000	    1	
ftv70_p5_f90_lM     	  286	 2103	    5	   70	  323	   9223.0	   9220.0	CTSP_1         	H CTSP1        	   48.6310	 11102.000	  2338.000	    1	
st70_p3_f50_lH      	  103	  566	    3	   69	  113	   1493.0	   1493.0	CTSP_1         	H CTSP1        	   57.5970	  1586.000	   562.000	    1	
st70_p3_f50_lL      	   51	  566	    3	   69	  113	   1514.0	   1506.0	CTSP_1         	H CTSP1        	   56.5960	  1586.000	   562.000	    1	
st70_p3_f50_lM      	   77	  566	    3	   69	  113	   1506.0	   1498.0	CTSP_1         	H CTSP1        	   56.6880	  1586.000	   562.000	    1	
st70_p3_f70_lH      	  115	  632	    3	   69	  156	   1693.0	   1690.0	CTSP_1         	H CTSP1        	   56.6480	  1741.000	   589.000	    1	
st70_p3_f70_lL      	   57	  632	    3	   69	  156	   1704.0	   1701.0	CTSP_1         	H CTSP1        	   56.2340	  1741.000	   589.000	    1	
st70_p3_f70_lM      	   86	  632	    3	   69	  156	   1698.0	   1698.0	CTSP_1         	H CTSP1        	   57.0510	  1741.000	   589.000	    1	
st70_p3_f90_lH      	  134	  740	    3	   69	  194	   1936.0	   1936.0	CTSP_1         	H CTSP1        	   56.4290	  1949.000	   674.000	    1	
st70_p3_f90_lL      	   67	  740	    3	   69	  194	   1944.0	   1940.0	CTSP_1         	H CTSP1        	   56.5820	  1949.000	   674.000	    1	
st70_p3_f90_lM      	  100	  740	    3	   69	  194	   1939.0	   1938.0	CTSP_1         	H CTSP1        	   56.5900	  1949.000	   674.000	    1	
st70_p5_f50_lH      	  101	  559	    5	   69	  173	   2386.0	   2385.0	CTSP_1         	H CTSP1        	   56.5730	  2508.000	   533.000	    1	
st70_p5_f50_lL      	   50	  559	    5	   69	  173	   2428.0	   2392.0	CTSP_1         	H CTSP1        	   57.0380	       INF	       INF	    0	
st70_p5_f50_lM      	   76	  559	    5	   69	  173	   2396.0	   2385.0	CTSP_1         	H CTSP1        	   56.4190	  2534.000	   534.000	    1	
st70_p5_f70_lH      	  117	  643	    5	   69	  237	   2818.0	   2802.0	CTSP_1         	H CTSP1        	   56.4610	  2870.000	   602.000	    1	
st70_p5_f70_lL      	   58	  643	    5	   69	  237	   2838.0	   2821.0	CTSP_1         	H CTSP1        	   56.5860	  2872.000	   602.000	    1	
st70_p5_f70_lM      	   87	  643	    5	   69	  237	   2821.0	   2821.0	CTSP_1         	H CTSP1        	   56.9490	  2870.000	   602.000	    1	
st70_p5_f90_lH      	  134	  740	    5	   69	  317	   3243.0	   3238.0	CTSP_1         	H CTSP1        	   57.1710	  3247.000	   675.000	    1	
st70_p5_f90_lL      	   67	  740	    5	   69	  317	   3243.0	   3243.0	CTSP_1         	H CTSP1        	   57.8160	  3247.000	   675.000	    1	
st70_p5_f90_lM      	  100	  740	    5	   69	  317	   3243.0	   3243.0	CTSP_1         	H CTSP1        	   57.0840	  3247.000	   675.000	    1	
eil76_p3_f50_lH     	   73	  403	    3	   75	  126	   1084.0	   1084.0	CTSP_1         	H CTSP1        	   69.6530	  1212.000	   410.000	    1	
eil76_p3_f50_lL     	   36	  403	    3	   75	  126	   1085.0	   1085.0	CTSP_1         	H CTSP1        	   69.5870	  1212.000	   410.000	    1	
eil76_p3_f50_lM     	   55	  403	    3	   75	  126	   1085.0	   1084.0	CTSP_1         	H CTSP1        	   69.6040	  1212.000	   410.000	    1	
eil76_p3_f70_lH     	   93	  512	    3	   75	  167	   1385.0	   1383.0	CTSP_1         	H CTSP1        	   69.4750	  1427.000	   493.000	    1	
