gr96_p3_f50_lH      	 8567	47122	    3	   95	  157	 120412.0	 120388.0	CTSP_1         	H CTSP1        	  229.0500	129790.000	 45932.000	    1	
gr96_p3_f50_lL      	 4283	47122	    3	   95	  157	 128734.0	 120412.0	CTSP_1         	H CTSP1        	  226.4700	132003.000	 45919.000	    1	
gr96_p3_f50_lM      	 6425	47122	    3	   95	  157	 121320.0	 120412.0	CTSP_1         	H CTSP1        	  227.4450	129790.000	 45932.000	    1	
gr96_p3_f70_lH      	 9598	52789	    3	   95	  202	 143259.0	 143259.0	CTSP_1         	H CTSP1        	  227.5000	148003.000	 51247.000	    1	
gr96_p3_f70_lL      	 4799	52789	    3	   95	  202	 145859.0	 145859.0	CTSP_1         	H CTSP1        	  229.2900	148003.000	 51247.000	    1	
gr96_p3_f70_lM      	 7198	52789	    3	   95	  202	 143563.0	 143259.0	CTSP_1         	H CTSP1        	  227.5940	148003.000	 51247.000	    1	
gr96_p3_f90_lH      	10930	60115	    3	   95	  268	 159376.0	 159376.0	CTSP_1         	H CTSP1        	  225.9110	160943.000	 55272.000	    1	
gr96_p3_f90_lL      	 5465	60115	    3	   95	  268	 159847.0	 159763.0	CTSP_1         	H CTSP1        	  227.2650	160943.000	 55272.000	    1	
gr96_p3_f90_lM      	 8197	60115	    3	   95	  268	 159700.0	 159376.0	CTSP_1         	H CTSP1        	  227.4600	160943.000	 55272.000	    1	
gr96_p5_f50_lH      	 9118	50153	    5	   95	  243	 207842.0	 205028.0	CTSP_1         	H CTSP1        	  227.1520	217832.000	 46804.000	    1	
gr96_p5_f50_lL      	 4559	50153	    5	   95	  243	 214140.0	 205579.0	CTSP_1         	H CTSP1        	  227.3270	       INF	       INF	    0	
gr96_p5_f50_lM      	 6839	50153	    5	   95	  243	 210405.0	 205467.0	CTSP_1         	H CTSP1        	  227.3500	224184.000	 49086.000	    1	
gr96_p5_f70_lH      	 9735	53544	    5	   95	  355	 237107.0	 236903.0	CTSP_1         	H CTSP1        	  227.3960	244093.000	 49969.000	    1	
gr96_p5_f70_lL      	 4867	53544	    5	   95	  355	 242524.0	 237765.0	CTSP_1         	H CTSP1        	  226.4170	244093.000	 49969.000	    1	
gr96_p5_f70_lM      	 7301	53544	    5	   95	  355	 239961.0	 237765.0	CTSP_1         	H CTSP1        	  227.7760	244093.000	 49969.000	    1	
gr96_p5_f90_lH      	10734	59041	    5	   95	  402	 256752.0	 256752.0	CTSP_1         	H CTSP1        	  227.5320	258953.000	 54158.000	    1	
gr96_p5_f90_lL      	 5367	59041	    5	   95	  402	 257791.0	 257791.0	CTSP_1         	H CTSP1        	  227.1330	258953.000	 54158.000	    1	
gr96_p5_f90_lM      	 8051	59041	    5	   95	  402	 256825.0	 256825.0	CTSP_1         	H CTSP1        	  227.7670	258953.000	 54158.000	    1	
rat99_p3_f50_lH     	  190	 1045	    3	   98	  168	   2831.0	   2829.0	CTSP_1         	H CTSP1        	  247.3780	  3022.000	  1023.000	    1	
rat99_p3_f50_lL     	   95	 1045	    3	   98	  168	   2846.0	   2836.0	CTSP_1         	H CTSP1        	  248.7970	  3022.000	  1023.000	    1	
rat99_p3_f50_lM     	  142	 1045	    3	   98	  168	   2831.0	   2831.0	CTSP_1         	H CTSP1        	  247.6550	  3022.000	  1023.000	    1	
rat99_p3_f70_lH     	  211	 1164	    3	   98	  212	   3124.0	   3124.0	CTSP_1         	H CTSP1        	  247.5330	  3194.000	  1097.000	    1	
rat99_p3_f70_lL     	  105	 1164	    3	   98	  212	   3135.0	   3124.0	CTSP_1         	H CTSP1        	  249.9190	  3194.000	  1097.000	    1	
rat99_p3_f70_lM     	  158	 1164	    3	   98	  212	   3124.0	   3124.0	CTSP_1         	H CTSP1        	  247.2910	  3194.000	  1097.000	    1	
rat99_p3_f90_lH     	  232	 1277	    3	   98	  260	   3435.0	   3416.0	CTSP_1         	H CTSP1        	  248.3540	  3450.000	  1167.000	    1	
rat99_p3_f90_lL     	  116	 1277	    3	   98	  260	   3436.0	   3436.0	CTSP_1         	H CTSP1        	  247.5180	  3450.000	  1167.000	    1	
rat99_p3_f90_lM     	  174	 1277	    3	   98	  260	   3435.0	   3427.0	CTSP_1         	H CTSP1        	  248.7230	  3450.000	  1167.000	    1	
rat99_p5_f50_lH     	  186	 1027	    5	   98	  254	   4666.0	   4666.0	CTSP_1         	H CTSP1        	  247.1760	  4781.000	  1015.000	    1	
rat99_p5_f50_lL     	   93	 1027	    5	   98	  254	   4789.0	   4666.0	CTSP_1         	H CTSP1        	  248.8660	  4801.000	   998.000	    1	
rat99_p5_f50_lM     	  140	 1027	    5	   98	  254	   4666.0	   4666.0	CTSP_1         	H CTSP1        	  247.2800	  4781.000	  1015.000	    1	
rat99_p5_f70_lH     	  212	 1166	    5	   98	  363	   5374.0	   5374.0	CTSP_1         	H CTSP1        	  247.4710	  5442.000	  1102.000	    1	
rat99_p5_f70_lL     	  106	 1166	    5	   98	  363	   5377.0	   5377.0	CTSP_1         	H CTSP1        	  248.2570	  5442.000	  1102.000	    1	
rat99_p5_f70_lM     	  159	 1166	    5	   98	  363	   5377.0	   5377.0	CTSP_1         	H CTSP1        	  248.2910	  5442.000	  1102.000	    1	
rat99_p5_f90_lH     	  240	 1320	    5	   98	  474	   5946.0	   5945.0	CTSP_1         	H CTSP1        	  248.5060	  5968.000	  1202.000	    1	
rat99_p5_f90_lL     	  120	 1320	    5	   98	  474	   5946.0	   5946.0	CTSP_1         	H CTSP1        	  247.3130	  5968.000	  1202.000	    1	
rat99_p5_f90_lM     	  180	 1320	    5	   98	  474	   5946.0	   5946.0	CTSP_1         	H CTSP1        	  248.6820	  5968.000	  1202.000	    1	
kroA100_p3_f50_lH   	 3411	18763	    3	   99	  175	  50560.0	  50414.0	CTSP_1         	H CTSP1        	  257.9740	 51531.000	 17641.000	    1	
kroA100_p3_f50_lL   	 1705	18763	    3	   99	  175	  50560.0	  50560.0	CTSP_1         	H CTSP1        	  259.0230	 51531.000	 17641.000	    1	
kroA100_p3_f50_lM   	 2558	18763	    3	   99	  175	  50560.0	  50552.0	CTSP_1         	H CTSP1        	  258.6080	 51531.000	 17641.000	    1	
kroA100_p3_f70_lH   	 3706	20384	    3	   99	  207	  54326.0	  54326.0	CTSP_1         	H CTSP1        	  258.7610	 55724.000	 19203.000	    1	
kroA100_p3_f70_lL   	 1853	20384	    3	   99	  207	  54326.0	  54326.0	CTSP_1         	H CTSP1        	  257.9590	 55912.000	 19220.000	    1	
kroA100_p3_f70_lM   	 2779	20384	    3	   99	  207	  54326.0	  54326.0	CTSP_1         	H CTSP1        	  259.2150	 55724.000	 19203.000	    1	
kroA100_p3_f90_lH   	 4206	23135	    3	   99	  279	  61840.0	  61835.0	CTSP_1         	H CTSP1        	  259.1510	 62159.000	 21138.000	    1	
kroA100_p3_f90_lL   	 2103	23135	    3	   99	  279	  61840.0	  61840.0	CTSP_1         	H CTSP1        	  259.2040	 62159.000	 21138.000	    1	
kroA100_p3_f90_lM   	 3154	23135	    3	   99	  279	  61840.0	  61835.0	CTSP_1         	H CTSP1        	  259.3040	 62159.000	 21138.000	    1	
kroA100_p5_f50_lH   	 3280	18041	    5	   99	  256	  80966.0	  80924.0	CTSP_1         	H CTSP1        	  258.6620	 82668.000	 16954.000	    1	
kroA100_p5_f50_lL   	 1640	18041	    5	   99	  256	  80972.0	  80971.0	CTSP_1         	H CTSP1        	  257.6610	 83238.000	 16785.000	    1	
kroA100_p5_f50_lM   	 2460	18041	    5	   99	  256	  80971.0	  80966.0	CTSP_1         	H CTSP1        	  259.6840	 82668.000	 16954.000	    1	
kroA100_p5_f70_lH   	 3775	20764	    5	   99	  347	  91144.0	  91144.0	CTSP_1         	H CTSP1        	  258.4330	 92534.000	 19157.000	    1	
kroA100_p5_f70_lL   	 1887	20764	    5	   99	  347	  91340.0	  91161.0	CTSP_1         	H CTSP1        	  259.5190	 92534.000	 19157.000	    1	
kroA100_p5_f70_lM   	 2831	20764	    5	   99	  347	  91340.0	  91161.0	CTSP_1         	H CTSP1        	  258.7700	 92534.000	 19157.000	    1	
kroA100_p5_f90_lH   	 4134	22740	    5	   99	  453	 101516.0	 101516.0	CTSP_1         	H CTSP1        	  258.5840	102553.000	 20928.000	    1	
kroA100_p5_f90_lL   	 2067	22740	    5	   99	  453	 101638.0	 101581.0	CTSP_1         	H CTSP1        	  258.9760	102553.000	 20928.000	    1	
kroA100_p5_f90_lM   	 3100	22740	    5	   99	  453	 101581.0	 101516.0	CTSP_1         	H CTSP1        	  258.5000	102553.000	 20928.000	    1	
kroB100_p3_f50_lH   	 3693	20312	    3	   99	  175	  53187.0	  53187.0	CTSP_1         	H CTSP1        	  257.8840	 56760.000	 19751.000	    1	
kroB100_p3_f50_lL   	 1846	20312	    3	   99	  175	  53368.0	  53187.0	CTSP_1         	H CTSP1        	  257.8900	 56760.000	 19751.000	    1	
kroB100_p3_f50_lM   	 2769	20312	    3	   99	  175	  53187.0	  53187.0	CTSP_1         	H CTSP1        	  257.7220	 56760.000	 19751.000	    1	
kroB100_p3_f70_lH   	 3849	21173	    3	   99	  207	  55951.0	  55951.0	CTSP_1         	H CTSP1        	  258.5320	 57373.000	 19962.000	    1	
