ftv64_p3_f50_lH     	  309	 1699	    3	   64	  109	   4501.0	   4490.0	CTSP_1         	H CTSP1        	   38.6500	  5600.000	  2016.000	    1	
ftv64_p3_f50_lL     	  154	 1699	    3	   64	  109	   4511.0	   4511.0	CTSP_1         	H CTSP1        	   38.3750	  5949.000	  2024.000	    1	
ftv64_p3_f50_lM     	  231	 1699	    3	   64	  109	   4501.0	   4490.0	CTSP_1         	H CTSP1        	   38.4770	  5949.000	  2024.000	    1	
ftv64_p3_f70_lH     	  350	 1925	    3	   64	  135	   4968.0	   4968.0	CTSP_1         	H CTSP1        	   39.2810	  6069.000	  2114.000	    1	
ftv64_p3_f70_lL     	  175	 1925	    3	   64	  135	   4988.0	   4988.0	CTSP_1         	H CTSP1        	   39.0070	  6165.000	  2150.000	    1	
ftv64_p3_f70_lM     	  262	 1925	    3	   64	  135	   4977.0	   4971.0	CTSP_1         	H CTSP1        	   39.4520	  6069.000	  2114.000	    1	
ftv64_p3_f90_lH     	  363	 1996	    3	   64	  179	   5375.0	   5375.0	CTSP_1         	H CTSP1        	   39.2430	  6566.000	  2253.000	    1	
ftv64_p3_f90_lL     	  181	 1996	    3	   64	  179	   5394.0	   5375.0	CTSP_1         	H CTSP1        	   39.1360	  6566.000	  2253.000	    1	
ftv64_p3_f90_lM     	  272	 1996	    3	   64	  179	   5375.0	   5375.0	CTSP_1         	H CTSP1        	   39.1300	  6566.000	  2253.000	    1	
ftv64_p5_f50_lH     	  313	 1723	    5	   64	  174	   7588.0	   7436.0	CTSP_1         	H CTSP1        	   39.2570	  9187.000	  2024.000	    1	
ftv64_p5_f50_lL     	  156	 1723	    5	   64	  174	   7651.0	   7436.0	CTSP_1         	H CTSP1        	   39.0260	       INF	       INF	    0	
ftv64_p5_f50_lM     	  235	 1723	    5	   64	  174	   7588.0	   7436.0	CTSP_1         	H CTSP1        	   38.7960	  9190.000	  2008.000	    1	
ftv64_p5_f70_lH     	  338	 1860	    5	   64	  240	   8408.0	   8408.0	CTSP_1         	H CTSP1        	   38.4130	 10252.000	  2122.000	    1	
ftv64_p5_f70_lL     	  169	 1860	    5	   64	  240	   8417.0	   8417.0	CTSP_1         	H CTSP1        	   38.4780	 10252.000	  2122.000	    1	
ftv64_p5_f70_lM     	  253	 1860	    5	   64	  240	   8411.0	   8411.0	CTSP_1         	H CTSP1        	   39.0170	 10252.000	  2122.000	    1	
ftv64_p5_f90_lH     	  367	 2022	    5	   64	  300	   8956.0	   8936.0	CTSP_1         	H CTSP1        	   39.3030	 11045.000	  2253.000	    1	
ftv64_p5_f90_lL     	  183	 2022	    5	   64	  300	   8956.0	   8936.0	CTSP_1         	H CTSP1        	   38.7810	 11045.000	  2253.000	    1	
ftv64_p5_f90_lM     	  275	 2022	    5	   64	  300	   8956.0	   8936.0	CTSP_1         	H CTSP1        	   39.1280	 11045.000	  2253.000	    1	
ft70_p3_f50_lH      	 4736	26050	    3	   69	  113	  69405.0	  69274.0	CTSP_1         	H CTSP1        	   49.7500	 81709.000	 28102.000	    1	
ft70_p3_f50_lL      	 2368	26050	    3	   69	  113	  70695.0	  70695.0	CTSP_1         	H CTSP1        	   49.8650	 82170.000	 28089.000	    1	
ft70_p3_f50_lM      	 3552	26050	    3	   69	  113	  70271.0	  70271.0	CTSP_1         	H CTSP1        	   49.7430	 81709.000	 28102.000	    1	
ft70_p3_f70_lH      	 6144	33796	    3	   69	  152	  92383.0	  92383.0	CTSP_1         	H CTSP1        	   49.5690	103818.000	 35929.000	    1	
ft70_p3_f70_lL      	 3072	33796	    3	   69	  152	  94085.0	  92383.0	CTSP_1         	H CTSP1        	   49.7910	103826.000	 35720.000	    1	
ft70_p3_f70_lM      	 4608	33796	    3	   69	  152	  92383.0	  92383.0	CTSP_1         	H CTSP1        	   49.7850	103818.000	 35929.000	    1	
ft70_p3_f90_lH      	 6983	38407	    3	   69	  179	 102314.0	 102314.0	CTSP_1         	H CTSP1        	   49.7810	112130.000	 38795.000	    1	
ft70_p3_f90_lL      	 3491	38407	    3	   69	  179	 102431.0	 102431.0	CTSP_1         	H CTSP1        	   49.7290	112130.000	 38795.000	    1	
ft70_p3_f90_lM      	 5237	38407	    3	   69	  179	 102384.0	 102384.0	CTSP_1         	H CTSP1        	   49.8070	112130.000	 38795.000	    1	
ft70_p5_f50_lH      	 4770	26236	    5	   69	  176	 112290.0	 112290.0	CTSP_1         	H CTSP1        	   49.6590	135367.000	 29638.000	    1	
ft70_p5_f50_lL      	 2385	26236	    5	   69	  176	 113717.0	 113717.0	CTSP_1         	H CTSP1        	   49.8360	       INF	       INF	    0	
ft70_p5_f50_lM      	 3577	26236	    5	   69	  176	 112957.0	 112957.0	CTSP_1         	H CTSP1        	   49.8500	140735.000	 29919.000	    1	
ft70_p5_f70_lH      	 6470	35586	    5	   69	  245	 149092.0	 149092.0	CTSP_1         	H CTSP1        	   49.7590	168438.000	 35933.000	    1	
ft70_p5_f70_lL      	 3235	35586	    5	   69	  245	 151410.0	 151410.0	CTSP_1         	H CTSP1        	   50.0350	       INF	       INF	    0	
ft70_p5_f70_lM      	 4852	35586	    5	   69	  245	 149692.0	 149692.0	CTSP_1         	H CTSP1        	   49.8690	169282.000	 36078.000	    1	
ft70_p5_f90_lH      	 7351	40433	    5	   69	  311	 176071.0	 176071.0	CTSP_1         	H CTSP1        	   49.8900	195362.000	 41044.000	    1	
ft70_p5_f90_lL      	 3675	40433	    5	   69	  311	 176552.0	 176552.0	CTSP_1         	H CTSP1        	   49.7920	200781.000	 41684.000	    1	
ft70_p5_f90_lM      	 5513	40433	    5	   69	  311	 176071.0	 176071.0	CTSP_1         	H CTSP1        	   50.0520	195362.000	 41044.000	    1	
ftv70_p3_f50_lH     	  320	 1761	    3	   70	  120	   4835.0	   4835.0	CTSP_1         	H CTSP1        	   48.8920	  5960.000	  2043.000	    1	
ftv70_p3_f50_lL     	  160	 1761	    3	   70	  120	   4911.0	   4911.0	CTSP_1         	H CTSP1        	   49.8430	  6053.000	  2043.000	    1	
ftv70_p3_f50_lM     	  240	 1761	    3	   70	  120	   4904.0	   4904.0	CTSP_1         	H CTSP1        	   49.5090	  5960.000	  2043.000	    1	
ftv70_p3_f70_lH     	  351	 1932	    3	   70	  161	   5302.0	   5302.0	CTSP_1         	H CTSP1        	   49.4180	  6499.000	  2251.000	    1	
ftv70_p3_f70_lL     	  175	 1932	    3	   70	  161	   5333.0	   5302.0	CTSP_1         	H CTSP1        	   48.8330	  6539.000	  2266.000	    1	
ftv70_p3_f70_lM     	  263	 1932	    3	   70	  161	   5302.0	   5302.0	CTSP_1         	H CTSP1        	   48.7470	  6499.000	  2251.000	    1	
ftv70_p3_f90_lH     	  390	 2145	    3	   70	  195	   5808.0	   5808.0	CTSP_1         	H CTSP1        	   48.7980	  6974.000	  2362.000	    1	
ftv70_p3_f90_lL     	  195	 2145	    3	   70	  195	   5808.0	   5808.0	CTSP_1         	H CTSP1        	   48.7910	  6974.000	  2362.000	    1	
ftv70_p3_f90_lM     	  292	 2145	    3	   70	  195	   5808.0	   5808.0	CTSP_1         	H CTSP1        	   49.3050	  6974.000	  2362.000	    1	
ftv70_p5_f50_lH     	  286	 1577	    5	   70	  175	   7353.0	   7072.0	CTSP_1         	H CTSP1        	   49.0020	  9531.000	  2041.000	    1	
ftv70_p5_f50_lL     	  143	 1577	    5	   70	  175	   7431.0	   7431.0	CTSP_1         	H CTSP1        	   48.8610	       INF	       INF	    0	
ftv70_p5_f50_lM     	  215	 1577	    5	   70	  175	   7353.0	   7353.0	CTSP_1         	H CTSP1        	   49.0470	       INF	       INF	    0	
ftv70_p5_f70_lH     	  353	 1941	    5	   70	  247	   8629.0	   8629.0	CTSP_1         	H CTSP1        	   48.8620	 10185.000	  2152.000	    1	
ftv70_p5_f70_lL     	  176	 1941	    5	   70	  247	   8729.0	   8729.0	CTSP_1         	H CTSP1        	   49.0320	 10417.000	  2170.000	    1	
ftv70_p5_f70_lM     	  264	 1941	    5	   70	  247	   8636.0	   8636.0	CTSP_1         	H CTSP1        	   48.8900	 10185.000	  2152.000	    1	
ftv70_p5_f90_lH     	  382	 2103	    5	   70	  323	   9208.0	   9208.0	CTSP_1         	H CTSP1        	   49.0380	 11102.000	  2338.000	    1	
ftv70_p5_f90_lL     	  191	 2103	    5	   70	  323	   9255.0	   9220.0	CTSP_1         	H CTSP1        	   48.9620	 11185.000	  2345.000	    1	
ftv70_p5_f90_lM     	  286	 2103	    5	   70	  323	   9223.0	   9220.0	CTSP_1         	H CTSP1        	   48.8620	 11102.000	  2338.000	    1	
